1 628
5 158 486 1097 2919 2933
1 3285
2 1431 3219
1 467
1 648
1 1501
2 1833 2137
2 178 1033
1 1007
2 1670 2622
1 2034
12 113 557 677 794 839 966 1097 1357 1622 1760 2474 2487
5 1167 1493 1871 1894 2711
2 146 1248
1 2521
14 314 616 622 1013 1422 1567 1605 1708 2166 2415 2416 2417 2418 2597
2 879 2150
3 582 778 812
3 1338 1451 3308
1 3080
1 1073
3 726 2140 3251
1 1942
2 1227 2027
2 2057 2331
2 222 2729
10 229 755 1012 1290 1422 1943 2021 2023 2282 2782
12 28 135 1447 1578 1678 1912 2059 2312 2313 2314 2315 2316
2 1422 2838
2 532 1422
4 136 1131 1625 1759
2 118 3009
5 824 1822 3193 3197 3326
1 75
1 89
1 763
1 1745
2 2228 2388
2 1412 2466
2 631 2625
3 606 1059 3309
1 2655
10 136 887 1096 1238 1429 1625 1731 1759 2632 2633
2 1227 1845
1 939
1 3237
5 820 1098 1388 3130 3131
1 2185
6 1253 1510 2228 2341 2455 2994
2 2528 2529
8 453 493 1034 1214 1422 1607 2525 2828
2 274 1617
1 61
3 728 1903 2378
3 186 2119 2324
2 1027 2609
2 487 2570
5 284 740 742 1416 2009
7 931 962 968 1214 1290 1422 2826
3 793 916 2992
6 53 1443 1514 1734 2063 2113
1 1620
1 1053
1 1431
1 1944
3 1062 2342 3144
1 1960
1 2411
3 157 1178 2370
7 808 1474 2245 2335 2557 2899 3009
2 328 660
1 1896
3 497 832 1779
1 2365
4 34 1300 1697 1879
6 1132 1861 2428 2530 2644 2955
1 1222
4 1687 2043 2366 2492
2 298 2089
3 359 2316 3029
6 558 591 1145 1527 2414 2976
1 2271
16 540 584 649 654 923 1077 1225 1383 1842 1932 2673 3017 3018 3046 3299 3318
2 582 653
1 2893
2 1488 1857
2 1710 2215
1 3156
1 35
2 118 3277
1 1992
2 582 2189
1 2939
2 1192 2793
6 110 822 928 2269 2636 3274
4 119 132 339 1322
3 902 1201 2572
10 353 386 936 1078 1406 2174 2284 2297 2510 2511
3 157 1015 2571
3 100 1026 2158
7 825 1325 1340 1434 2855 3087 3161
4 1016 1639 1748 2198
1 2130
2 1768 1964
1 976
5 155 1366 2189 2643 2776
1 3193
2 1833 2137
4 1454 1819 2658 2659
6 95 472 541 1551 1704 3274
1 251
1 1249
4 12 150 1533 1875
6 553 1419 1538 1686 2074 2677
2 880 2122
1 3310
1 367
3 32 90 3133
4 96 132 1829 3133
2 337 1650
2 1911 3137
2 827 2421
1 1992
2 124 1811
1 831
1 204
1 143
1 1041
1 1240
2 582 1004
3 935 2622 3324
6 96 119 779 1322 1329 3134
1 1631
1 874
3 28 1566 2080
11 31 43 1561 1702 1759 1940 2315 2507 2519 2520 2598
4 755 1034 1422 2782
9 468 680 1097 1131 1736 1853 2196 2487 2488
2 602 958
1 1713
1 1036
5 1002 1200 1455 2059 2734
1 127
4 847 1130 1429 2110
1 3121
2 14 1248
8 1350 1439 1647 2264 2404 2405 2625 2626
3 1770 2068 2228
1 364
10 113 557 677 966 1097 1357 1622 1760 2474 2487
4 930 1736 2217 2299
3 1429 1666 2546
4 396 744 755 2925
5 450 1112 1131 1625 1668
5 106 155 922 2643 2776
4 942 1334 1677 3084
4 69 99 1178 2507
3 1 1097 2919
1 465
5 926 934 1616 2133 2716
3 2003 2735 3070
1 1070
1 3182
1 2409
3 944 1994 2804
1 667
2 1904 2909
1 3193
2 247 929
7 491 881 1755 2228 2571 2583 2803
1 425
3 1557 2320 2322
1 519
1 1289
1 2941
2 2679 2750
3 1971 2442 2687
2 8 1033
4 1298 1860 2436 2696
4 351 661 2638 2639
2 1262 1422
1 2262
1 2946
1 1825
1 3278
3 55 2507 2883
1 199
1 2619
3 1802 2076 2434
3 325 3107 3184
2 1927 2169
1 192
1 572
7 397 1522 1620 2218 2900 3051 3052
2 1407 1823
1 2508
2 715 755
3 1453 2001 2327
1 187
2 2842 2843
1 1701
1 1594
3 1094 2899 3009
3 126 1434 3087
7 212 783 854 2296 3076 3134 3265
1 772
1 270
11 218 404 438 997 1534 1718 2433 2703 2705 2706 2966
1 1991
1 3183
2 1444 1896
6 205 783 2835 2836 3076 3265
3 528 2097 3073
3 2485 2773 2928
1 582
3 695 1655 2615
3 1319 1603 2867
6 208 1482 1718 1896 2433 2703
2 2254 3093
7 755 968 1034 1214 1422 2475 2782
1 1097
6 26 567 1392 2634 2729 2857
1 223
1 1622
5 741 1066 1528 3203 3204
2 1907 2713
4 843 1809 2619 3249
6 300 411 1233 1531 2815 3012
10 27 307 492 887 895 1230 2023 2282 2782 2785
3 356 1968 2979
1 875
2 252 333
1 2079
3 582 2391 2993
1 256
2 618 1582
4 585 1731 2398 2564
1 735
3 767 1321 3230
1 2942
5 603 936 1414 2174 2861
6 796 1582 1736 2032 2196 2299
2 931 1812
1 906
5 1066 3124 3189 3203 3204
2 1422 2782
8 169 1217 1265 2063 2088 2613 2643 2848
2 297 1669
1 906
2 825 2083
1 111
1 232
3 843 1992 2579
12 266 1543 1687 1772 1822 2067 2222 2551 2619 2732 2733 3249
1 2277
1 235
2 720 2970
1 962
2 1637 2978
1 2749
1 288
1 1597
5 525 737 886 2422 2655
1 1267
3 1536 2220 2452
8 254 672 1156 1809 2067 2619 3249 3298
2 749 1259
4 1942 2622 3242 3324
6 1782 1903 3228 3234 3235 3236
1 207
1 1266
2 450 2765
5 416 468 768 1417 2217
1 52
2 710 1297
1 276
1 3238
2 2015 2469
4 279 688 1928 2326
2 1296 1563
1 646
2 1163 2348
2 1596 3252
3 58 284 2009
2 1418 1967
4 1466 1835 2401 2674
1 1011
2 261 1361
2 1422 1943
1 2701
1 873
4 594 1843 2141 2854
2 1585 1874
2 540 3046
1 3061
1 2853
3 248 513 1669
2 79 468
2 1057 1134
5 228 1410 1531 2763 2815
1 1204
4 302 962 1943 2651
12 493 719 937 1190 1343 1422 1480 2116 2254 2585 3093 3186
3 637 1620 2025
1 2929
1 1368
10 229 585 1230 1290 1918 1943 2230 2398 2676 2782
2 2930 3221
1 1680
3 1878 2936 2937
3 413 1253 2803
1 2644
2 964 2984
13 16 373 622 912 1422 1567 1605 1708 1943 2166 2596 2597 2637
1 1124
3 777 2931 2932
1 411
1 717
3 1536 2220 2646
1 2962
2 2227 3083
1 1879
1 697
1 3116
2 190 3184
2 984 3085
1 1382
2 71 660
3 1889 2517 2618
2 3184 3206
4 1083 1278 1709 2948
2 2259 2921
2 232 777
1 1692
2 723 1088
7 561 876 1180 1600 2580 2581 3002
2 120 1650
2 1227 2642
3 96 472 2789
2 1050 2597
1 1869
2 678 3296
1 1773
2 2238 3289
1 1452
1 1663
6 1202 1758 1853 2073 2527 2633
2 399 1991
1 2760
1 2399
5 180 661 1112 2638 2639
2 1728 3293
2 98 2434
1 3006
1 1121
2 230 3156
3 1948 2350 2351
1 358
2 80 3029
1 477
5 1918 2185 2444 2649 2650
2 2339 2340
1 800
3 149 399 1991
2 630 1150
1 2061
1 117
1 1199
1 580
2 2157 2499
6 1369 1423 1746 1981 2463 3071
1 3193
10 314 373 616 912 1117 1605 1708 2416 2490 2925
4 1411 2368 2790 3286
1 1793
1 2300
2 715 2405
2 2767 3272
2 582 2189
2 2155 3188
2 1457 2955
1 696
2 989 1033
1 1930
1 1700
1 98
1 2808
1 2254
2 2111 2989
4 871 1916 2103 2105
1 2995
1 2316
1 566
3 1879 2594 2711
2 2519 2622
6 153 468 930 2217 2519 2887
2 194 1522
2 1251 1843
3 348 364 957
2 400 862
1 2739
3 603 1414 2861
1 3185
8 208 1534 1718 1896 2703 2705 2706 2966
4 582 1660 2179 3274
1 1296
1 1364
1 637
3 1341 1529 2584
2 1808 3106
6 228 317 1033 1335 1410 2815
2 2440 3257
7 311 805 1812 2204 2718 2719 2720
5 1128 1625 1666 2429 2565
1 2533
3 273 1758 2645
2 915 1335
1 1207
2 476 1004
1 1933
4 1135 1162 2275 2631
2 2237 2867
1 1756
1 3163
1 171
1 2129
5 840 1560 1705 2114 2477
8 773 1439 1647 2264 2404 2405 2625 2626
4 541 1620 2028 2154
2 1684 2844
4 869 1174 1268 2352
1 2983
1 2829
4 549 1655 2361 2362
3 1019 1875 1996
1 2317
1 2922
7 208 1718 1896 2703 2705 2706 2966
2 2011 3128
1 3047
3 1782 2501 2812
1 2911
3 857 1828 2406
2 1301 2655
2 509 2891
1 2388
2 1184 3286
2 888 1090
1 1543
15 154 272 542 882 1020 1532 1561 1817 1915 1965 2196 2295 2299 2507 2519
2 1630 2736
1 2214
19 51 807 835 887 941 1009 1034 1214 1219 1422 1599 1644 2053 2254 2475 2667 2782 2784 2786
1 2828
4 1656 1684 1992 3017
1 1592
1 1438
2 2233 2358
1 2099
4 992 1751 3030 3263
1 1508
1 476
2 2539 2540
2 1758 1853
4 159 2153 2345 2973
3 936 2174 3138
1 4
23 138 273 298 396 680 768 930 968 982 1097 1251 1362 1473 1665 1736 1853 2089 2196 2217 2299 2622 2718 2719
2 1101 1478
1 1982
4 1676 2314 2554 2588
8 110 339 541 703 780 1704 2269 3274
3 843 1808 2524
2 3055 3056
1 3295
5 419 462 1247 2203 3046
1 360
1 3046
1 3105
1 571
1 2236
6 830 833 1076 3156 3272 3276
3 1585 2020 2624
2 1210 1531
2 1052 2752
11 1 486 509 1097 1115 1202 1362 1570 2356 2891 3228
6 57 734 837 1140 1651 2108
1 667
1 582
2 1394 2858
4 170 881 2228 2994
9 229 755 1012 1034 1422 1644 2181 2404 2632
4 51 303 1214 2151
3 637 1620 2025
2 1262 1422
1 861
4 73 1779 2974 2975
1 2652
2 886 2274
2 1809 3249
2 1011 1575
1 517
1 1529
3 624 2292 2844
1 1729
3 1583 1944 3213
1 2834
3 1822 2732 3248
4 445 486 1362 1570
1 2827
1 625
1 620
1 297
2 2809 2810
3 1383 1498 3299
1 2646
4 502 1215 1583 2647
1 1896
3 173 519 3146
2 2380 2402
1 964
1 1830
2 1840 2349
3 1537 2787 2938
5 263 648 705 2573 2577
2 920 2163
2 1422 1943
5 213 962 1422 2396 2829
2 1724 1958
5 664 1017 1621 1641 1966
1 2610
2 30 1944
2 1764 2691
1 2287
3 641 946 2584
1 2477
2 650 836
2 632 1506
1 1783
11 83 294 555 911 923 1945 2515 2646 2910 2911 3046
22 110 429 472 703 809 822 928 1464 1477 1620 1704 1768 1865 2269 2721 2745 2840 3047 3048 3049 3050 3274
3 450 1020 2295
1 2561
2 1915 2302
2 1046 2259
1 546
2 582 819
3 851 1877 2063
7 434 755 1422 1821 2361 2585 2782
3 2899 3009 3010
2 749 1259
2 2412 2789
1 114
1 799
1 540
1 969
5 12 150 725 1883 1922
5 81 591 1145 2414 2976
3 1013 1097 1570
2 2191 2482
6 336 1180 1366 2580 2848 3025
2 1586 1735
1 582
2 1477 3048
4 904 1264 1330 2484
3 393 698 2212
9 222 1435 2005 2400 2464 2486 2730 2898 3221
2 1839 3023
2 624 3153
1 1786
2 480 571
3 193 1024 1998
3 624 670 1478
4 1109 1518 2049 2267
1 620
1 1887
3 1027 1971 2080
2 2225 2367
2 1410 1531
1 369
1 1750
51 18 84 92 130 215 234 379 405 489 547 563 587 637 647 653 676 790 879 1002 1004 1170 1200 1387 1410 1516 1525 1660 1693 1701 1753 1921 1967 2066 2100 2134 2179 2249 2258 2391 2447 2840 2920 2921 2950 2973 3017 3099 3148 3216 3217 3218
1 2384
3 83 1039 2531
6 237 307 1214 1422 1943 1997
5 1214 1422 2116 2556 2782
2 582 2840
5 828 1255 1275 2536 2537
1 3096
3 2185 2206 2868
6 81 558 1145 1527 2414 2704
1 592
1 2325
1 292
4 618 878 1447 1961
1 3191
1 3174
1 1887
1 1259
2 1001 2105
1 3192
3 139 958 1858
5 241 402 1471 2799 3128
2 692 2458
1 859
1 41
2 1879 2868
2 608 2889
2 684 2866
4 1116 2910 2911 3039
2 620 2605
1 1316
1 2603
1 849
2 1818 2673
15 16 373 622 755 931 1422 1567 1605 1708 1943 2166 2415 2596 2597 2862
1 2290
3 236 595 2380
1 2290
9 512 575 611 709 2174 2321 2413 2439 2605
1 1790
15 16 314 616 912 1013 1117 1605 1708 1943 2416 2418 2596 2597 2637 2925
2 632 1506
15 504 569 573 777 865 915 1272 1318 1335 1836 2134 2292 2578 2845 3153
2 511 2376
2 626 2126
4 755 2564 2632 2681
1 0
3 1460 1717 2630
3 365 1757 2319
1 40
2 538 623
2 1422 1470
3 1162 2132 2899
1 2922
1 3258
15 304 408 494 582 808 1620 1797 1921 1967 2066 2189 2440 2562 2931 2977
2 2218 3039
2 1893 2753
2 1935 3214
5 535 825 1080 1447 2595
2 1000 2464
1 1741
1 2282
1 3315
1 281
1 582
7 5 525 651 1143 2574 2575 2647
6 83 2495 2646 2911 3046 3099
3 537 1655 2505
1 648
1 2214
2 84 582
2 83 2515
3 687 3200 3201
1 2940
1 658
1 657
1 1720
3 71 328 1481
12 180 351 1096 1439 1625 1740 2264 2404 2405 2639 2640 2641
1 2260
1 2385
4 530 1026 1203 2438
1 2256
2 1491 3140
11 166 488 760 1099 1179 1187 1243 1530 1555 1707 3101
2 1294 2536
1 2492
11 573 865 924 974 1311 1472 1565 1836 2578 2771 2844
1 1960
3 266 1738 3133
3 1293 2445 3261
1 1865
3 1864 2827 2875
1 582
7 12 150 985 1275 2199 2443 2506
1 342
1 1979
3 138 468 2089
2 2577 2980
4 881 1471 2228 2494
1 2558
1 609
1 2961
2 2181 2827
2 655 3200
2 279 1928
2 2729 3221
5 1613 2579 2939 2948 3007
8 931 968 1567 2166 2396 2417 2481 2597
1 604
1 2182
1 2965
5 216 1682 2483 2791 2792
4 382 869 1236 2352
2 323 1783
2 566 1004
1 1347
1 2035
1 1712
1 2928
3 472 541 2745
1 2722
3 525 2422 2577
2 800 2927
1 2028
1 3156
9 620 936 1424 1471 1557 1987 2174 2320 2369
2 275 1159
3 2727 3102 3103
1 1177
5 1676 2314 2554 2588 2604
1 1083
7 197 377 1725 1940 2264 2404 2405
3 1125 1366 2329
5 318 1896 1902 2976 3311
1 2241
3 303 755 1190
1 257
3 1485 1967 2683
2 1334 3107
3 335 1088 2219
1 2293
2 557 966
2 22 2747
1 1682
1 54
1 2977
3 2985 2986 2987
1 2310
1 1250
1 1296
3 487 1651 3304
1 238
1 2339
2 263 1460
1 3241
1 2213
3 58 742 1416
2 225 3036
3 58 740 1380
1 2140
6 153 2235 2466 2519 2586 3275
1 2921
3 2420 3028 3193
5 747 803 960 1723 2501
1 2668
4 267 551 1195 1259
1 1065
2 1446 1447
1 1204
1 1947
1 2923
28 27 137 153 197 220 492 549 616 627 719 887 912 1009 1013 1647 1961 2128 2254 2257 2488 2585 2622 2650 2663 2664 2665 2666 2667
1 2385
2 1420 2099
1 2960
1 1512
2 667 1707
1 2375
1 2337
1 36
1 1424
1 2124
1 1037
3 239 1321 3254
4 273 468 2645 2964
2 1016 2081
3 1202 1591 2633
3 1103 1256 2646
4 206 1296 1331 1546
5 428 1647 1725 2264 2626
2 1562 2606
3 775 1376 1422
2 781 1030
7 316 333 624 1691 2261 2560 2845
3 18 2252 3223
2 132 932
1 472
3 776 2375 2479
1 2945
6 205 212 2296 2835 2837 3076
2 1715 1822
1 1397
1 2216
1 1413
1 3262
1 3176
4 582 1000 1545 3026
1 2309
3 1671 2160 2476
2 60 916
3 12 1041 1357
1 2679
6 242 930 968 2063 2119 2217
1 2305
1 1992
2 554 1422
2 363 706
1 1391
2 1573 1854
4 747 803 990 3019
1 1776
2 413 986
1 1537
6 453 1214 1422 2564 2667 2782
5 70 637 1620 2066 2562
1 541
1 1913
1 1970
4 18 1437 1789 2963
4 1585 1874 2770 2771
1 908
1 2339
2 2377 2426
1 2616
1 1202
7 547 1200 1247 2316 2646 2734 3046
1 47
1 2591
4 95 541 1043 2498
1 1909
1 33
6 101 250 641 1080 1574 2855
1 2712
2 122 2421
3 588 828 1255
3 1082 1505 2411
1 482
2 125 3063
2 73 1779
1 482
1 834
7 453 1422 2021 2181 2782 2828 3030
1 537
2 487 3283
1 838
3 12 1357 2487
3 427 2477 2559
1 1459
2 842 1963
6 227 253 473 2202 2551 2579
1 1154
1 845
1 3193
11 144 1398 1517 1666 1853 1875 2205 2360 2520 2592 2633
1 848
1 614
5 886 1605 2024 2182 2596
2 548 2863
1 1304
1 2252
3 205 1521 2620
1 983
2 1621 2739
3 443 1828 2406
1 1803
2 605 1795
5 1004 2177 2497 2920 3296
3 496 1171 2178
1 400
2 1780 2209
4 904 1330 1346 2874
9 624 670 924 1335 1836 1999 2212 2266 2692
1 3239
1 1173
1 897
3 431 696 2352
1 2019
1 390
1 1665
3 291 2693 3225
2 134 2866
6 231 1131 1257 1625 1918 2797
4 336 1366 2848 3025
7 940 1379 1672 2353 2375 2442 2467
2 595 2313
2 17 582
2 115 1877
5 170 491 682 2363 2364
2 450 2519
1 1496
3 1172 1992 2512
1 2434
10 263 499 850 1567 1796 2182 2277 2655 2768 2769
18 43 229 453 755 1012 1034 1112 1214 1351 1422 1943 2021 2247 2282 2404 2782 2839 2859
1 448
3 1430 2545 2799
1 2454
3 1108 2087 2471
1 892
1 2318
2 1070 1668
6 229 1012 1290 2021 2023 2782
1 1081
1 868
1 1931
1 2123
1 1072
3 1436 1810 3037
4 97 902 1201 2572
2 2145 2969
5 565 864 1699 2369 2371
1 1484
5 244 249 1903 2567 2568
1 1706
3 814 1569 2708
1 2268
1 910
2 540 3060
10 314 373 622 755 1117 1605 1708 2416 2490 2925
1 913
3 914 1794 2136
3 417 624 2301
2 60 793
3 1036 2176 2660
2 3072 3080
1 1425
4 526 1469 1832 2547
3 1280 3017 3026
3 155 1087 1246
8 83 540 1170 2218 2316 2911 3018 3099
4 670 865 2578 2845
1 995
2 160 934
2 1135 2899
3 95 541 1326
2 169 2863
7 151 396 468 796 2196 2519 2633
7 59 243 616 691 1025 1117 2597
1 779
2 1905 1977
4 160 926 1616 2133
3 131 2590 3233
4 98 241 466 709
3 303 2377 2782
2 2104 3251
1 45
2 877 1155
6 453 1214 1422 2564 2667 2782
4 156 1863 2305 2343
2 1554 2010
1 165
1 3016
4 535 1584 2379 2906
1 1716
1 1114
1 2579
1 2292
3 1638 2656 3154
1 2982
3 1440 2298 2736
2 2366 3108
1 3144
2 1022 1461
1 399
4 139 602 2543 3035
2 1949 3075
2 747 2501
1 1405
11 59 258 302 528 1422 2097 2226 2416 2418 2829 3073
1 3158
2 313 521
11 1112 1157 1301 1422 1567 1943 2166 2234 2829 3013 3014
3 12 150 725
1 2701
27 59 220 468 691 796 1157 1214 1422 1567 1605 1625 1943 2097 2166 2196 2226 2234 2564 2596 2632 2633 2774 2782 2829 2882 2967 3086
2 556 1687
1 1949
1 2529
1 1736
1 2778
2 670 1891
2 1295 2478
2 105 2434
1 2699
2 1422 1764
1 2458
2 1645 2098
1 2311
4 468 1130 1591 1736
1 855
2 326 2046
3 677 1275 2443
2 805 2419
1 2006
1 2458
2 383 1033
3 803 1207 1223
2 1474 2557
3 460 1421 2242
6 2097 2427 2774 2775 2829 2925
2 2224 2675
1 925
1 3116
4 208 1035 1896 2703
5 1315 1515 2589 2909 3314
3 1754 1948 2351
5 642 790 1545 2400 3120
4 600 1001 1119 1577
5 142 582 1200 2085 2734
1 1801
8 130 419 582 698 860 2497 2816 2920
1 1816
2 2762 2999
2 9 1208
1 1668
5 453 755 1422 1853 2507
2 1703 2925
6 287 501 1583 1944 2148 2330
12 27 492 887 895 1034 1214 1644 2023 2282 2475 2681 2785
10 16 559 622 755 1422 1567 1605 1943 2166 2597
1 1014
5 99 1275 1422 2443 2783
3 102 769 1866
1 530
3 1032 2514 3241
4 435 1625 1875 2073
2 450 542
4 1188 2108 2589 3066
3 956 1302 1461
2 1493 2709
1 572
2 931 2490
4 100 664 2158 3157
4 56 577 1620 2608
3 1557 2320 2605
1 1564
6 776 1971 2062 2353 2354 2372
3 1125 2328 2329
3 1018 2514 3241
9 8 178 383 411 989 1234 1426 2112 2819
16 51 137 220 453 492 887 1012 1214 1230 1422 1607 1617 1644 2475 2782 2925
6 997 1051 1152 1206 1534 2703
3 141 917 2853
1 766
1 2082
3 584 1170 2531
1 2877
3 128 794 1357
1 3045
4 822 1829 2498 3274
6 1264 1395 1619 1802 2323 2434
3 1596 3252 3253
3 545 2054 2259
1 3237
1 1143
2 2339 2463
1 340
1 1035
5 485 1239 2657 2752 3215
1 63
3 1214 1943 2626
1 2879
1 2593
1 299
1 1366
2 41 1337
1 1979
1 1061
2 66 2232
2 1675 2543
4 1202 1853 2527 2633
2 750 1065
5 225 245 3036 3203 3204
1 3021
1 2899
2 2503 2504
4 162 894 1625 2399
4 1422 2128 2822 2829
3 900 1309 1818
2 21 3303
1 1095
1 2780
2 482 1589
2 83 1077
4 98 1259 2510 2848
3 1555 1707 1950
5 641 825 1340 1348 2595
1 896
3 829 2532 3273
4 331 714 1709 3069
2 1123 2343
2 3139 3244
1 1807
5 922 1239 1620 2054 2189
3 335 723 2953
1 1400
1 448
3 1471 2861 2874
3 1579 1662 3185
5 1990 2161 2423 2424 2425
4 203 2052 2899 3051
1 1074
3 43 661 2638
19 1 12 138 150 158 221 468 486 559 1429 1467 1625 1875 1879 1894 2427 2648 2919 2933
1 47
2 667 1530
1 1526
1 469
2 1939 2602
3 771 1116 2911
1 2871
2 1167 1894
2 2403 2757
2 2496 2497
1 891
2 574 1518
1 1952
2 1983 2727
15 154 351 887 965 1251 1480 1635 1644 1647 2475 2522 2626 2820 2927 3014
1 3211
1 948
4 486 2891 3042 3228
3 610 1103 1836
14 373 622 912 931 1117 1422 1567 1605 1708 1943 2166 2596 2637 2925
1 1194
4 1001 1577 2552 2749
2 1659 2654
1 355
2 2396 2991
4 1084 1733 1855 2343
1 315
4 716 1031 1125 2884
1 3033
1 3141
2 414 1761
2 2513 3241
10 144 982 1429 1591 1666 2057 2110 2331 2422 2728
11 31 138 154 875 1251 1609 1666 1875 2621 2680 2681
1 76
1 3259
1 299
6 421 927 1485 2683 2899 3207
1 2196
1 2544
1 2767
1 2223
1 487
1 1241
1 1217
7 648 1048 1677 2573 3053 3174 3193
4 1282 1396 1556 2382
5 81 558 591 1896 2152
1 1896
1 1449
1 1148
1 1404
1 365
1 1847
3 1035 2414 2703
3 2968 3078 3079
1 844
7 940 1379 1672 2353 2375 2442 2467
3 266 1738 3133
6 965 968 1281 1422 1943 2829
1 2813
4 710 2086 2754 2755
1 1432
1 2714
3 421 634 3010
2 282 2348
1 2344
2 2041 2462
1 1166
6 13 1105 1493 1894 1901 2711
1 1814
1 1209
7 582 923 1039 1225 2531 2726 2819
2 861 1171
2 884 1363
4 867 1720 2794 2796
1 431
1 2958
3 1821 2226 2435
2 712 1177
2 69 157
2 667 1707
10 336 561 1366 1600 2329 2580 2581 2643 2848 3025
1 3316
1 2960
3 1366 1600 2643
2 447 2186
1 2955
3 1868 2306 3193
1 667
1 1021
3 1767 2060 3021
4 303 719 2585 2828
1 3108
2 94 2793
2 1841 1981
3 1118 2246 3280
1 749
1 1791
1 1896
1 1724
2 368 1993
4 142 582 819 1002
3 97 902 2572
8 347 486 770 818 1064 1570 2356 2527
2 664 2438
2 301 752
2 1212 2830
1 1035
2 418 990
4 1007 1767 2060 2877
1 1169
3 484 1531 2612
4 1211 1585 2779 2780
2 1205 1473
1 2325
35 51 59 220 453 493 585 586 807 887 941 968 1012 1034 1054 1219 1230 1290 1480 1644 1724 2023 2053 2230 2398 2444 2475 2585 2649 2650 2782 2784 2786 2824 2826 2860
2 517 2923
1 1801
2 247 1142
2 1868 3068
6 453 1214 1422 2564 2667 2782
6 1629 1721 2472 2670 2672 2868
1 2054
4 77 1864 2434 2684
1 990
1 2348
3 83 1170 1932
1 2853
6 24 44 338 1845 2095 2642
1 1317
1 3098
7 229 307 1034 1214 1290 1666 2859
2 1390 1586
3 2211 2226 2926
1 228
1 1033
3 1677 2245 2335
1 696
3 1431 1553 3219
4 43 1422 2506 2782
6 1052 1087 1265 2210 2249 3215
1 129
3 1141 1694 1907
1 2311
1 667
2 2944 3193
2 1245 2482
2 922 2776
2 476 819
3 14 146 1248
2 112 2280
1 732
11 398 468 1112 1131 1422 1625 1843 1965 2398 2483 2622
3 3117 3118 3119
6 49 311 1328 1510 1915 2455
1 2722
3 588 828 2537
3 771 2259 3046
2 875 2797
1 1689
7 267 551 599 749 1078 2510 2897
2 1981 2219
2 2480 2481
4 181 495 2825 2978
1 2529
5 565 1044 2174 2369 2984
2 247 1239
2 271 3273
1 264
2 431 2352
1 1269
1 1270
3 1302 1461 2601
1 624
1 1422
1 1739
9 588 677 985 1015 1731 1825 2361 2444 2506
1 1291
1 2725
1 331
2 2627 2628
1 921
4 1157 1943 2226 2234
2 1144 2381
1 1370
1 1312
1 1523
5 1411 1543 2366 2790 3286
2 2058 2940
1 1648
1 174
8 27 59 307 895 1214 1230 2023 2782
1 1276
1 1811
2 673 3261
1 668
1 975
5 280 406 733 772 1585
2 275 2393
2 179 2092
1 2406
1 75
4 444 965 2774 2775
4 1022 1271 1461 2601
1 3047
1 852
1 3021
2 3180 3181
2 1865 2112
2 1769 2680
1 1072
2 3125 3221
3 670 2316 2607
1 1284
3 1462 2709 3246
1 3094
1 998
2 612 3015
1 1228
1 624
4 217 1603 1770 2237
2 2159 2629
4 239 767 3229 3230
2 96 132
1 1323
5 1410 1449 1562 2816 2817
1 101
6 928 1408 1620 2245 2335 2400
1 2164
2 1253 3162
1 132
5 565 864 1699 2369 2371
2 772 2142
1 2777
3 1879 2594 2711
2 156 722
6 411 417 624 865 2578 2612
1 1681
1 1059
1 19
1 2758
3 101 1080 2855
3 409 1925 3151
1 2396
7 303 1422 1427 1943 2398 2782 2829
1 2118
1 1892
3 864 2861 2874
1 699
3 1080 1574 2276
3 1749 2528 3129
2 147 1399
3 887 1644 2121
2 1829 2412
1 2900
1 2812
2 2866 2984
1 1762
5 12 150 794 839 1041
1 2919
1 2174
1 1360
1 288
3 468 486 509
3 1172 1822 2512
3 407 2184 2240
2 1504 1933
10 106 561 716 876 1058 1180 1183 2088 2580 2581
1 2947
1 306
3 371 1981 3071
1 1283
1 1962
1 1841
2 1885 1948
1 2078
1 1375
1 775
1 1438
1 2907
6 877 1155 1823 2353 2375 2442
2 742 1416
3 1846 2322 2553
2 327 3038
2 83 515
2 2779 3052
1 2452
1 1635
1 582
1 47
1 3043
2 1231 2173
2 801 2756
4 222 2634 2857 3212
1 1721
1 490
5 1044 2323 2861 2866 2984
2 1144 2381
1 785
4 847 1429 2110 2427
7 1350 1429 1587 1666 2224 2427 2675
2 1089 1944
2 1411 2790
1 2243
1 1978
2 1149 1404
1 961
2 98 1406
2 195 1407
1 1326
1 2738
10 300 411 579 582 1324 1531 2345 2814 2815 3294
8 374 1286 1401 1726 2067 2366 2367 2368
2 39 3138
1 787
4 241 402 1422 2861
2 1668 1835
3 58 740 1380
4 273 1758 2217 2645
1 285
4 114 1698 2339 2389
1 757
1 992
99 16 27 29 30 51 59 137 181 220 246 289 303 314 453 492 495 527 528 549 585 586 616 633 775 799 807 835 887 941 962 965 968 978 1009 1013 1015 1034 1071 1117 1157 1219 1238 1251 1273 1343 1414 1470 1582 1590 1607 1630 1644 1658 1663 1724 1834 2021 2023 2047 2053 2064 2115 2116 2139 2181 2230 2234 2244 2254 2257 2396 2398 2435 2444 2475 2490 2585 2622 2649 2650 2651 2663 2664 2668 2681 2783 2784 2785 2820 2821 2822 2823 2824 2825 2826 2827 2828 2829 2830
2 371 2059
2 709 764
1 919
2 1033 3153
2 1343 2925
2 1884 3037
18 43 144 152 1097 1130 1398 1399 1625 1759 1853 1989 2110 2147 2331 2420 2421 2422 2520
2 889 1973
3 3 64 1237
1 1160
2 3064 3065
2 101 204
5 567 1854 2729 2730 2898
2 901 1810
2 812 2259
2 457 1377
5 147 428 661 2626 2638
4 953 2124 2736 3034
3 1762 2603 2669
1 2437
2 61 2013
1 211
2 2020 2401
2 751 1574
6 28 595 641 751 2560 2811
3 1971 2353 2738
3 1147 1324 2606
1 1505
2 19 3308
1 345
3 198 1625 1875
1 109
2 142 2734
2 2188 2694
5 381 2156 2644 2955 2956
1 2972
2 841 1459
2 629 737
7 956 1022 1271 1302 2215 2601 2918
3 1313 2039 3246
1 2704
2 541 1551
1 2832
1 286
1 1097
2 1867 2350
2 920 2163
2 633 1422
8 603 682 709 1091 2494 2861 2954 3128
5 670 1813 2210 2646 3046
3 468 1212 2964
2 70 991
1 3264
1 2655
2 541 564
2 469 573
1 1479
5 303 1112 1214 2715 2782
1 660
1 218
2 1795 1821
5 905 1920 2063 2113 2912
2 721 1135
1 1864
2 1491 2138
1 86
1 1805
1 2033
4 666 1487 1767 2060
2 1625 2565
6 13 1023 1167 1894 2187 2712
1 2239
1 1929
1 883
1 2336
1 515
1 3135
1 1500
1 6
1 2201
2 1503 1674
2 1365 1933
4 829 1450 2411 3273
2 538 623
1 3001
1 461
1 3056
2 49 1253
1 2502
1 759
1 2300
1 61
2 998 2050
1 582
6 847 1580 1875 2183 2361 2362
4 574 1109 1518 2267
1 3226
1 1520
1 854
4 194 397 2245 2335
5 1285 3169 3170 3171 3172
2 3032 3064
1 582
1 1100
2 81 591
1 225
4 409 503 1925 3199
2 667 1099
6 228 300 484 579 1210 1410
2 450 1915
2 113 2927
5 208 404 1035 1896 2703
1 1763
5 265 319 1536 2220 2452
2 524 806
1 114
1 2653
1 2363
1 3100
2 2420 2558
5 254 449 1286 2067 2732
1 2895
4 790 1000 2400 3026
1 772
1 2432
2 2271 3268
1 1549
1 2036
6 110 1464 1704 2269 2332 3274
1 1552
1 1237
2 943 3044
4 667 1079 2015 2469
1 1144
6 172 709 1028 2321 2322 3227
1 2331
1 1593
3 427 1705 2559
3 136 450 2228
2 774 1324
2 280 3062
1 1029
1 670
1 135
17 16 314 616 691 886 965 968 1013 1117 1708 2182 2204 2416 2418 2637 2655 2925
4 2485 2680 2766 2767
2 908 2708
5 486 509 559 1202 2356
4 2055 3117 3118 3119
1 3049
1 802
3 825 1348 1446
4 501 1944 2478 2919
1 2174
4 1001 1119 1882 2552
1 28
1 1092
8 1517 1640 2183 2360 2361 2362 2506 2880
1 3242
5 236 242 1422 2032 2299
7 506 517 1011 1843 2387 2584 3080
3 946 2379 2380
11 293 483 813 1211 1296 1874 2020 2462 2770 2771 2779
3 562 1231 3241
10 1399 1625 1989 2110 2147 2331 2420 2421 2422 2919
1 2468
3 1076 2453 3272
2 1422 1943
6 770 982 1130 1665 2293 2622
1 456
1 1559
1 202
1 2945
4 283 1045 3252 3253
1 262
1 2285
2 453 2116
5 336 1180 1183 2848 3025
1 2700
1 1602
3 217 1319 2867
1 3104
17 16 314 373 616 622 850 912 968 1013 1117 1708 1943 2415 2416 2418 2637 2925
1 2691
4 51 1034 1422 2475
1 2192
3 1131 1625 1877
3 1733 1744 3022
1 2071
1 2307
3 690 2058 2727
1 1975
1 2646
3 160 934 1752
8 52 1034 1724 2211 2475 2926 2927 3014
1 1864
2 1044 2323
23 62 194 304 429 494 541 637 808 1027 1087 1326 1771 1817 1826 2245 2335 2440 2562 2631 2636 2721 2977 3026
2 530 856
3 12 150 224
2 1627 1938
2 3037 3038
29 31 43 154 414 661 875 968 1019 1070 1097 1251 1429 1453 1492 1587 1609 1666 1759 1821 1875 1965 2224 2429 2621 2632 2638 2680 2681 2886
2 1897 2856
2 1623 1938
1 2155
2 1220 2473
3 451 1422 2621
1 133
1 1632
1 2622
3 2208 2861 2866
2 1112 1386
1 1876
1 259
1 951
1 102
3 1580 1923 2183
1 530
1 2474
1 3325
12 453 492 1012 1034 1112 1214 1351 1422 2021 2247 2404 2782
1 980
1 1898
6 147 428 755 773 1112 2626
2 1288 2266
1 1805
3 120 337 2888
3 487 734 3304
1 2733
1 1714
1 2312
7 216 434 650 2000 2331 2506 3209
2 455 1656
1 2868
1 1422
2 1120 1659
2 405 582
1 2272
2 1092 3185
3 346 1422 2396
2 3092 3297
5 468 872 1591 1670 2633
12 152 414 847 1130 1131 1230 1399 1625 1989 2110 2427 2435
2 2603 3286
5 154 894 1008 1415 2399
2 248 297
3 10 1665 3256
2 792 2400
4 877 1155 1971 2353
1 3112
1 1503
2 1063 2543
5 471 713 2554 2588 2604
4 156 1143 1235 1737
3 28 2316 2631
1 3295
1 309
1 1336
2 695 727
7 1836 2220 2448 2449 2450 2451 2452
2 430 455
1 3133
1 114
5 78 254 969 1992 3220
1 1914
1 1258
1 2221
1 777
1 334
1 582
2 1241 2486
2 2037 3090
2 1760 3114
1 75
4 1419 1705 2466 2586
3 904 1330 2369
1 385
2 201 582
3 136 1711 1774
1 1010
6 110 472 541 1551 2269 2332
5 427 1560 1698 2114 2559
2 907 2270
4 667 760 1079 1179
15 16 314 373 616 622 912 1117 1567 1605 1943 2416 2418 2596 2637 2925
3 331 1083 2948
4 87 2112 2215 2918
2 1702 1774
1 701
1 140
2 1653 1869
1 784
1 947
2 629 2630
7 208 218 404 438 2433 2703 2705
1 2589
2 659 1173
6 1220 1393 1959 2473 2670 2672
1 2970
1 747
8 529 1198 1214 1422 1617 1958 2253 2542
5 715 773 2264 2404 2868
3 1411 2368 2790
1 1865
2 352 3193
2 505 2345
2 2516 2795
7 43 237 1275 1943 2230 2443 2774
1 2033
4 1123 1610 3305 3306
2 61 2013
1 562
6 138 151 242 468 972 982
2 1677 2243
2 672 1156
1 1274
2 661 2638
1 643
1 2458
1 2033
1 1610
1 37
4 371 1981 2339 3071
2 2121 2390
1 102
1 1349
2 581 3321
2 460 2319
1 1616
1 582
1 999
2 170 2363
1 423
3 630 2319 3030
7 347 416 464 1417 2217 2253 2527
9 31 43 136 1429 1625 1918 2621 2622 2633
4 12 150 1696 3114
3 1128 2429 2565
2 1356 1441
1 1535
2 533 978
1 1765
2 1991 3183
4 1189 1208 1491 2168
5 104 541 1964 2745 3274
2 1308 2767
3 148 1319 2867
2 1620 1778
5 254 1822 1890 2067 2222
1 343
2 1702 1711
1 1873
1 804
1 2224
2 1771 3257
4 73 497 832 2974
1 863
1 2659
3 269 441 2458
2 539 697
2 2231 3205
1 2346
1 570
1 2209
1 2251
1 812
1 621
3 1196 2055 2819
1 3265
1 375
1 914
3 859 1483 1821
1 886
1 637
1 2526
1 1811
1 2847
2 1003 1216
4 189 1044 2174 2323
1 858
1 2458
2 1489 1649
2 2804 2865
1 1086
5 410 473 2202 3011 3249
4 227 266 500 3249
3 901 1436 3037
7 124 1292 1799 1879 2091 2102 3198
3 243 413 2328
3 1472 2184 3294
2 1168 2143
1 2885
1 1005
2 450 1620
4 615 1072 1992 2030
1 109
1 1954
6 549 1176 1483 1625 1795 2200
15 33 254 508 784 1363 1772 1822 1903 2180 2222 3006 3107 3194 3220 3271
3 195 1379 3045
1 1883
3 184 1275 2443
1 1620
1 3204
4 443 857 2077 2406
4 119 1043 1352 2035
1 522
3 2264 2377 2626
2 920 2163
2 7 108
1 1422
5 286 1415 2063 2113 2122
7 624 670 865 1116 1683 2447 2578
1 2811
1 2187
1 568
3 523 2348 2349
2 1193 1372
2 83 2646
4 292 398 1251 1583
1 2460
3 44 1227 2746
2 1381 3247
3 1151 1907 2731
1 2401
1 2400
1 1933
1 3125
1 2018
10 138 347 464 468 847 1009 1064 1429 2488 2527
2 802 1435
2 1123 2343
1 2979
1 86
4 602 2031 2543 3035
1 2221
2 179 2092
2 76 2530
1 2582
2 942 2368
5 675 1222 1486 1618 2509
6 541 674 1307 1727 2283 3046
2 1016 2081
4 1468 2351 2357 2358
4 1186 1218 2729 3068
2 341 1714
1 2945
2 13 2478
1 2655
1 1775
3 293 813 1585
16 113 435 847 1019 1097 1131 1453 1517 1625 1989 2205 2360 2399 2426 2427 2428
1 1636
6 548 880 1609 1973 2196 2401
3 310 2446 2936
10 75 322 394 607 1097 1333 1811 1956 1986 2205
1 3150
1 1881
1 1577
3 557 1824 2678
1 1428
1 1373
1 1886
7 576 598 2232 2233 2357 2358 2431
1 2093
3 329 2516 2751
4 1772 2222 2628 2884
2 974 3046
1 1345
1 639
10 13 1097 1105 1167 1493 2052 2584 2648 2710 2711
1 2383
21 72 211 218 404 438 518 717 997 1145 1146 1197 1534 2048 2170 2702 2703 2704 2705 2706 2707 2708
1 1626
1 1646
1 2798
1 3111
2 1167 2648
3 717 2703 2976
6 54 269 906 1822 2420 2493
2 167 2666
1 933
2 2127 3155
6 226 1241 1847 2005 3125 3232
2 3301 3302
1 823
2 2925 3129
1 121
2 28 2080
1 810
1 1688
5 450 544 1253 1532 2302
2 390 2351
2 2339 3282
9 307 361 875 1759 1995 2444 2649 2650 2797
1 2259
1 1484
3 582 637 2316
1 557
2 1640 2183
1 3147
2 1341 1529
1 2945
2 191 2550
3 279 688 2326
1 1495
1 384
1 898
4 83 1225 2447 3046
6 420 1365 1504 1850 2539 3008
1 2265
1 640
1 2974
1 2069
2 1623 1627
2 1102 2447
4 136 715 2404 2405
1 2998
2 23 268
30 27 289 302 307 314 527 585 616 622 887 965 968 1013 1054 1117 1157 1281 1343 1590 1605 1708 1731 2226 2234 2396 2398 2416 2418 2775 2823
8 65 506 532 1011 1400 1575 2534 2535
1 540
1 2899
1 753
4 357 999 1373 2350
4 959 970 3075 3208
1 1079
1 2988
1 1110
2 2041 2848
1 1820
1 3097
4 1879 1965 2759 2964
1 2171
2 529 1724
1 1721
2 67 671
2 595 755
2 1371 3031
1 842
2 104 1768
7 450 1251 1625 1956 2488 2886 2964
1 530
7 285 582 637 721 2066 2312 2672
1 230
1 3307
3 811 2836 2909
9 177 577 1030 1448 1672 2062 2354 2373 2479
1 3245
3 1430 1877 2799
1 3313
1 1614
1 2827
1 933
1 1403
3 679 1060 2800
1 2655
9 371 1193 1260 1369 1746 2340 3020 3071 3312
1 470
2 1111 3152
1 2989
1 2909
3 1879 2594 2711
2 709 2174
1 2408
7 1429 1587 1666 1875 2426 2427 3027
3 1093 2161 2424
4 209 348 364 1766
11 91 123 253 455 798 884 1687 1818 2347 2819 3139
1 1199
1 165
2 1918 2089
2 435 2880
4 585 1997 2107 2264
1 572
3 865 2212 2578
2 1655 2635
1 198
1 2398
1 161
1 3143
4 567 1907 2713 2731
1 987
2 3269 3270
1 2818
3 58 284 2009
2 943 3044
2 439 2076
1 2746
2 1443 1734
2 2172 3088
2 278 1555
1 2569
2 2174 2410
1 1852
1 870
4 483 1445 1585 2510
8 27 835 887 895 1422 1644 2023 2651
3 2273 3071 3312
10 27 229 895 1012 1214 1290 1422 2021 2282 2782
1 850
3 304 494 2977
1 3279
2 24 2781
3 429 707 2721
1 3205
1 1818
2 1858 3035
3 242 1582 2299
4 1490 1732 1743 2474
1 11
2 700 1829
1 1550
2 1695 3090
1 2907
1 1462
1 2957
4 1165 1953 2462 3224
1 2303
1 78
1 2518
1 2783
1 984
2 1422 2991
2 1896 2710
1 574
3 1515 2587 3304
1 2465
3 1094 1894 2900
3 453 1214 1422
3 1046 1087 1221
2 1571 1791
1 3243
2 25 1130
3 1287 1613 2727
3 28 142 1423
3 1189 1208 1491
1 366
5 1030 1971 2062 2378 3160
9 61 247 548 796 1484 1835 2113 2196 2912
2 1422 2396
2 2686 3206
6 582 637 808 1967 2189 2562
10 254 266 1411 1543 1772 2222 2499 2732 2733 2790
2 148 2068
1 1937
1 2736
1 1611
1 2943
3 347 1019 2592
1 114
1 3077
2 189 2011
1 1828
2 1374 2078
1 233
6 135 577 1912 2346 2661 2662
2 769 1866
2 1038 2957
2 250 2106
1 2197
1 1002
1 1159
1 891
2 247 1366
5 79 468 680 1995 2217
1 2949
1 1811
5 1298 1860 2436 2722 3222
1 1888
2 2974 2975
3 1227 2245 2335
1 2958
9 213 962 968 993 2435 2564 2774 2829 2925
1 980
2 459 757
1 582
1 2229
1 1811
2 390 2103
2 938 3276
2 390 600
1 2083
2 1997 2398
2 487 1021
1 2906
6 144 1130 1398 1429 1587 1666
1 389
3 1033 1307 1710
5 61 1484 1835 2063 2912
3 427 1705 2559
3 1422 2782 2967
4 303 586 1422 1599
1 2892
1 1344
3 55 796 2196
1 3009
3 1351 1747 2390
3 115 1835 2399
1 899
2 765 1440
1 2821
1 626
2 1906 2841
4 755 1071 2667 2822
1 426
3 103 2130 2478
1 2131
4 634 2275 2631 2899
2 160 934
3 582 624 2911
1 3113
2 914 2505
2 7 108
1 1487
1 1422
3 22 743 2548
2 292 2854
2 1331 2971
1 1814
1 2250
1 903
1 2500
3 1429 1587 2421
1 1011
1 2789
1 17
2 493 2717
1 1145
4 465 2345 3202 3294
3 429 2993 3215
3 380 1628 3188
1 1457
1 370
2 100 1026
3 1320 2894 2895
2 792 2476
3 1093 1990 2424
1 2622
4 526 1469 1832 2547
1 1327
1 2561
12 16 314 616 691 965 968 1013 1117 2204 2416 2418 2637
1 3131
1 1767
2 191 3276
2 1896 2703
1 1957
1 2014
1 1390
16 98 241 466 620 709 1264 1359 1576 1802 1987 2017 2413 2439 2509 2861 3138
1 2307
2 917 2853
1 860
2 861 3240
2 405 582
2 1822 3107
6 492 686 835 1422 2181 2828
4 693 850 886 1567
6 1517 1580 1640 1923 2311 2361
2 1364 1813
7 48 361 590 2206 2282 3149 3150
1 1184
2 1493 1838
1 1456
11 92 106 379 637 1087 2066 2740 2776 2921 3017 3215
1 2207
1 560
1 1608
1 2742
1 2194
1 2566
14 138 242 450 468 930 968 1136 1877 2063 2119 2217 2507 2519 3266
1 2084
1 102
1 677
2 1821 2435
1 1502
3 843 1808 2524
1 476
4 413 1567 2166 2596
3 847 1875 1879
3 590 2185 2868
2 2190 2532
2 1634 3128
5 863 1787 2554 2555 2604
3 1239 1472 3153
2 1232 1617
4 566 865 1999 2578
1 739
3 452 652 3290
3 87 1461 1710
1 786
12 151 273 396 468 796 1417 1758 2089 2196 2519 2633 2645
3 194 638 923
3 723 1260 2339
5 265 319 1536 1683 2447
2 1690 1859
5 254 1772 1822 1890 2067
1 1139
6 994 1399 1625 1777 2675 2676
1 578
8 962 968 1176 1232 1281 1943 2361 2435
2 321 3080
10 38 49 148 170 491 682 1561 2228 2363 2364
1 2101
8 307 1214 1422 1731 2622 2782 2784 2860
1 1784
2 1062 1887
3 458 1887 2372
6 965 968 1281 1422 1943 2829
1 744
1 481
4 422 1319 2867 3269
1 344
2 1494 2632
1 1364
1 718
1 992
2 1402 1737
2 1422 2868
6 70 1235 1326 1522 1620 2095
1 1194
2 887 1644
1 2285
2 582 1239
2 2144 2399
2 1788 3295
4 778 853 3231 3232
2 1724 1758
7 219 303 388 453 755 1422 3093
2 2486 3221
1 665
5 755 1422 2596 2829 2925
1 582
8 332 545 1046 1256 1437 1919 2278 2450
1 662
1 777
2 182 3295
1 2408
10 147 428 661 715 773 1725 1831 1997 2638 2942
1 1934
2 865 1648
2 574 1518
1 909
7 95 472 541 1551 1704 2332 3274
1 1706
3 82 1548 3268
1 1661
1 2022
1 499
3 421 2132 2899
1 1348
3 255 886 2655
3 2259 2646 3046
1 2279
1 1249
1 2651
8 27 229 644 887 1012 2023 2185 2829
1 1865
2 98 2297
2 1598 2248
1 2965
1 534
1 2541
1 2907
2 617 619
1 2828
5 504 624 950 2913 2950
2 724 1591
1 2294
2 450 542
3 205 783 2646
2 98 2284
1 953
6 151 242 450 468 1582 2032
2 376 1513
1 915
2 544 1915
1 2042
1 2528
2 797 942
2 1186 3156
2 1612 2175
2 2341 2698
4 791 2334 3167 3168
1 731
5 981 1242 2183 2361 2880
4 28 1654 1967 2401
2 28 878
6 28 471 713 2339 2588 2739
2 28 136
11 28 80 392 819 923 1311 1678 1921 2383 2547 2673
1 436
1 893
3 630 1751 1757
6 172 709 1028 2321 2322 3227
3 620 1557 2320
4 172 1381 1557 2320
5 1044 1395 1619 1802 2434
2 55 2506
2 593 1213
2 279 1928
1 198
2 1031 1812
6 716 1031 1180 2613 2614 2682
1 1011
7 25 1130 1429 1558 1587 1655 2427
3 1551 1704 2269
1 2334
3 2309 2333 2538
6 70 1235 1326 1522 1620 2095
1 1497
2 762 2430
2 2339 2340
13 362 736 815 1049 1419 1746 1917 2219 2314 2338 2463 3071 3282
3 362 1981 2338
3 49 2308 2342
4 66 2341 2878 3045
4 942 1084 1123 1855
1 1164
6 465 1410 1729 2153 2346 2347
3 1785 2080 2345
2 1992 2345
7 282 1163 1224 1840 2349 3040 3041
3 523 1840 2348
4 357 1468 1948 2351
6 357 999 1867 1916 2350 2372
5 431 696 869 1268 2407
7 877 1030 1155 1379 1448 1672 2354
3 1030 1971 2353
1 2356
4 486 1202 1570 2355
3 1867 1887 2358
6 458 1867 1887 2357 2431 2652
1 2359
5 847 1580 1875 2361 2362
12 434 549 1275 1517 1580 2183 2226 2311 2360 2443 2506 2880
5 434 1517 1580 2360 2506
5 881 1540 1755 2228 3164
2 881 2228
2 74 3163
6 78 954 1286 1411 2790 3286
6 578 1411 2541 2549 2790 3152
6 374 1411 1726 1863 2790 2943
7 709 904 1264 1330 1699 2370 2371
2 69 2369
5 904 1330 2369 2371 2874
6 1030 2233 2351 2373 2374 2375
2 1971 2372
1 2372
6 761 781 877 1155 1379 2372
1 625
3 816 937 1831
2 54 2062
3 946 1584 2380
6 520 618 1584 2379 2402 2534
3 1282 1396 2382
2 1144 2381
2 1895 2316
1 583
4 663 756 2386 2893
1 2385
1 1583
3 38 446 2389
2 1419 2388
2 1747 2121
2 234 582
1 2393
2 1297 2392
1 2395
2 2394 2460
10 528 691 1122 1342 1422 1663 1943 2064 2397 2398
1 2396
12 237 307 1214 1251 1343 1422 1943 2002 2107 2396 2829 2925
7 350 1070 1668 1875 2122 2250 2861
7 567 1000 1326 1545 1671 1849 3089
7 286 1445 1848 1877 2312 2924 2959
2 520 2380
1 1106
11 147 428 492 661 715 887 1644 1725 1940 2638 2919
7 147 377 428 661 715 1940 2638
4 443 857 1299 1828
1 2352
2 1988 2263
1 164
1 2017
4 68 829 1505 3273
2 552 1352
2 620 2174
5 81 558 591 1152 2704
4 16 616 1605 2597
12 16 373 622 912 962 1567 1605 1708 1943 2166 2490 2597
4 16 691 2597 2637
10 16 622 962 1567 1605 1708 1943 2166 2490 2597
1 986
6 746 1429 1542 1587 1903 2558
5 122 827 1429 1587 2147
7 263 705 1130 1429 1587 2427 2655
2 1093 2424
6 1093 1990 2161 2423 2424 2425
3 1093 2424 3011
5 816 1875 1989 2426 3027
10 993 1097 1398 1399 1666 1875 1989 2331 2422 3028
3 76 1875 2428
4 414 1625 1761 2565
1 2337
2 1887 2358
1 1547
3 208 218 1718
9 189 353 885 976 1044 1222 2323 2434 2654
10 1176 1422 1666 2097 2200 2226 2488 2564 2882 3074
2 179 2092
1 1442
2 664 1203
2 620 2174
4 412 637 1620 2441
1 2440
5 177 877 1155 1379 2687
8 677 985 1015 1731 1825 2361 2444 2506
8 361 1214 1275 1422 1918 2443 2649 2650
3 673 2955 2957
1 1878
10 582 1836 1932 1939 2220 2448 2449 2450 2451 2452
2 1683 2447
2 1683 2447
4 1683 2259 2447 2646
2 1683 2447
5 265 1385 1536 1683 2447
2 1589 3156
2 890 2454
4 49 1253 2861 2866
1 2457
1 2456
9 604 979 988 1742 1782 1804 2459 2460 2461
1 2458
4 1844 2395 2458 3142
1 2458
4 1165 1585 2041 3224
3 371 1049 2339
3 567 642 3120
2 2051 2465
3 39 744 1698
2 877 1155
1 1588
3 278 1555 2470
1 2469
1 891
2 1220 2473
6 1629 1721 2472 2670 2672 2868
4 12 150 1642 2033
12 220 453 1012 1034 1112 1214 1422 1607 1617 2782 2829 2925
2 792 2160
4 427 536 840 2559
5 975 1575 1871 2130 2919
2 781 1971
3 1261 2480 2481
5 691 1261 2480 2596 2597
2 560 1245
2 695 1251
1 565
3 214 1568 2767
3 567 1694 2255
6 12 138 150 839 2488 2489
6 138 755 1853 1965 2435 2487
1 2487
6 373 912 1025 1422 2416 2418
1 2492
5 78 669 2491 2733 3249
1 1903
6 682 1471 2494 2861 2954 3128
3 649 2646 3046
1 1107
5 860 1004 1107 3288 3296
3 822 1043 3274
2 370 2067
1 2146
3 441 747 960
1 1511
1 1069
1 1069
2 650 2136
10 677 1238 1275 1580 1655 2324 2361 2362 2443 2507
10 136 157 186 450 1009 2196 2506 2520 2598 2883
1 196
5 1864 2174 2510 2511 2875
5 98 1078 1259 2020 2509
2 98 2509
2 884 1363
2 1129 2514
4 1018 1032 2513 3241
3 540 654 2911
3 1730 1889 2517
3 329 2516 2751
1 2044
12 136 395 396 450 744 882 930 2196 2217 2718 2719 2720
4 136 847 1429 2507
1 15
2 1112 2523
2 2522 2523
3 473 2202 3249
2 51 2525
1 1798
6 347 1064 1202 1758 1853 2633
3 50 1349 2304
3 50 971 1263
3 76 1861 2530
3 584 1039 1170
2 1082 2207
1 415
3 1944 2380 2837
1 1944
2 588 668
2 588 1255
2 2334 2642
2 463 1933
1 463
4 2288 2367 2541 3152
1 1724
4 958 1063 1675 1858
1 1137
2 889 2799
1 152
3 920 2163 2316
2 2140 2549
3 2367 2548 3152
2 1927 2551
4 254 843 2550 2579
2 1119 1577
1 1381
5 471 713 1676 2209 2555
3 2209 2554 2604
1 586
2 70 991
4 683 1542 2420 3193
5 840 1560 1705 2114 2477
2 777 1447
3 543 2165 2949
4 637 808 1620 2066
1 2563
9 237 627 807 941 968 1219 2097 2435 2665
4 414 1492 1761 2429
1 2195
1 906
1 906
2 2016 3250
2 57 2831
2 99 170
3 97 902 1201
4 525 1143 2574 2575
2 648 2573
2 648 2573
1 2576
3 525 681 705
7 624 670 924 1335 1836 1999 2212
5 253 690 843 949 2551
8 336 561 1180 1366 2580 2581 2848 3025
6 336 1180 1366 2580 2848 3025
1 1862
3 170 2583 2866
4 409 535 1583 1894
8 303 549 755 1190 1214 1422 2782 2828
3 744 1698 3138
1 2050
4 471 713 1676 2314
4 998 1021 1719 3066
1 935
1 821
2 847 2073
1 1056
3 394 1333 1986
2 641 1080
13 314 616 622 850 968 1117 1708 2204 2257 2481 2597 2598 2599
15 16 314 340 616 622 691 931 1013 2415 2416 2417 2418 2481 2596 2625
3 136 2507 2596
2 2596 3300
1 2600
3 1271 1302 1461
1 1102
4 613 1441 1667 2669
4 713 1676 2209 2555
3 611 620 1028
3 774 1449 2606
1 1311
2 1027 2609
2 56 2608
3 531 2611 2612
1 2610
3 1210 1335 2610
3 247 2329 2614
3 2329 2613 3292
2 216 2812
1 817
1 2618
2 329 2617
4 188 227 254 266
1 854
4 1131 1625 1630 1759
15 10 131 268 395 468 755 1251 1422 1591 1633 1759 2162 2230 2782 2830
1 2624
2 483 2623
5 40 147 428 2597 2650
9 147 428 773 1054 1112 1439 1647 1831 3054
2 1279 2628
3 1279 1890 2627
1 1320
2 629 1717
6 421 1620 1678 2132 2899 3009
9 43 492 627 968 1625 2239 2649 2650 2651
11 43 347 770 847 930 968 1064 1665 1759 2217 2527
2 222 1392
2 2000 3024
2 95 1620
9 314 622 1117 1567 1605 1708 2166 2417 3164
12 180 351 1096 1439 1625 1740 2264 2404 2405 2639 2640 2641
4 180 351 661 2638
3 661 2638 2641
3 661 2638 2640
3 338 1227 2538
6 106 155 247 1180 1183 2776
3 76 312 1457
4 416 768 1417 2217
16 319 516 540 649 771 819 1472 1615 1842 2278 2296 2450 2495 2911 3017 3018
2 517 648
3 1097 1894 1901
7 361 1214 1422 1918 2444 2632 2650
9 361 755 1214 1422 1918 2444 2625 2632 2649
7 302 1422 2021 2281 2632 2827 2828
2 498 2358
2 1539 3291
3 1120 2434 2654
10 42 263 444 886 1476 1567 1872 1980 2277 2422
1 951
2 1052 2863
1 109
2 109 1781
3 917 2853 3255
1 2080
1 2080
2 755 1422
3 755 1422 2991
3 755 2564 2784
2 755 1904
7 453 755 807 941 1219 2128 2786
3 748 1422 2846
2 1441 2603
6 1220 1721 2473 2671 2672 2673
1 2670
5 1220 1721 1967 2473 2670
5 83 615 2316 2670 3284
1 286
3 994 1399 2224
2 307 2224
1 114
1 1883
3 176 795 2750
4 1131 1308 1568 1625
6 627 1012 1131 1422 1625 2886
1 2329
2 721 1135
1 1222
1 2686
3 2065 2685 3132
2 177 2442
1 2689
1 2688
1 2691
3 533 1606 2690
1 865
1 873
2 1456 2695
1 2694
2 179 2697
1 2696
2 2308 2698
1 977
1 1601
2 290 967
2 1896 2703
18 208 218 404 438 997 1035 1152 1534 1718 1896 1902 2170 2702 2703 2705 2706 2966 2976
4 591 1463 1896 2414
8 208 404 438 1718 1896 2703 2706 2966
7 208 404 438 1896 2703 2705 2966
1 1896
3 908 1569 1896
2 1023 1313
2 1894 2048
6 13 394 1167 1333 1894 1986
2 826 1493
3 226 2005 3232
2 1161 2715
2 1480 2714
1 160
1 2151
4 413 468 2519 2720
3 413 468 2519
3 413 2519 2718
3 541 1620 2028
4 704 1254 2092 2723
1 2722
1 2724
1 1277
2 1170 2727
5 711 1111 1613 2058 2726
1 1130
6 26 222 689 1435 1868 2730
4 567 1435 2729 2898
3 1847 2005 3232
5 254 508 1543 2067 2733
5 254 1652 2067 2492 2732
4 142 819 1002 1455
1 161
5 451 953 1440 2070 3034
1 2738
3 1409 1448 2737
5 401 856 2314 2740 2741
2 2189 2739
1 2739
1 2193
1 2744
1 2743
3 541 703 1768
2 1845 2012
2 726 2748
1 2747
2 260 1119
2 176 2679
2 1889 2517
2 485 1052
1 639
1 1159
1 1159
1 1391
1 1106
1 1339
1 1956
1 349
2 2762 2763
3 1006 2761 2999
2 300 2761
1 2765
2 272 2764
1 1568
5 378 1138 1568 1769 2485
1 886
1 886
2 813 1585
3 670 813 1585
2 2773 3272
4 214 2772 2928 3272
8 968 993 1301 1731 2097 2829 2925 2968
5 993 1301 1943 2829 2925
5 106 155 1246 2189 2643
1 1332
1 973
4 1211 1384 1585 2780
3 1075 1211 2779
1 2027
34 27 137 220 229 246 307 453 549 586 807 835 887 895 937 941 968 1034 1214 1219 1238 1290 1343 1480 1644 2023 2115 2230 2475 2585 2622 2783 2784 2785 2786
4 1015 1422 2045 2782
6 453 1214 1422 2230 2665 2782
4 229 1012 1422 2782
4 453 1214 2667 2782
2 524 2788
2 2787 2938
3 339 552 2149
8 374 1286 1401 1726 2067 2366 2367 2368
1 695
1 695
2 94 1192
2 1173 2795
2 1730 2794
1 1173
3 875 1257 1918
1 1899
4 603 889 1973 2545
1 1979
1 2802
1 2801
2 170 311
3 165 1806 2805
2 2804 2908
1 2807
1 2806
1 387
1 514
1 514
2 1447 1837
3 441 1354 2615
1 1158
2 1410 2815
5 228 300 411 1410 2814
2 1004 1324
1 1324
1 2008
4 1033 1170 1791 1992
4 1112 1422 2925 3324
2 1422 2125
3 1071 1422 2128
2 1422 1943
3 1214 1422 3308
2 1262 1422
3 59 1214 1422
6 510 675 686 1422 1976 2651
11 51 454 835 1190 1422 2181 2291 2585 2651 2842 3000
20 433 528 962 965 968 993 1071 1157 1343 1422 2097 2234 2257 2282 2398 2475 2774 2775 2967 2968
4 1205 1422 2622 2859
1 2570
2 1465 2833
1 2832
1 507
5 212 783 2836 3076 3274
3 212 1970 2835
2 783 2534
1 29
1 887
3 541 582 587
1 2127
3 200 2828 2843
2 200 2842
3 430 504 670
3 624 777 924
1 2668
1 1800
9 247 561 876 1078 1180 1600 1953 2580 2581
1 2850
1 2849
1 2852
1 2851
5 296 1036 1226 2176 2660
2 292 2141
3 101 825 1340
1 1626
3 222 1392 3212
1 490
3 887 1230 2830
2 1214 2230
12 241 402 1091 1346 1395 1414 1471 1634 2174 2399 2455 2494
1 616
4 851 929 2657 2864
1 2863
1 1806
8 609 874 1355 1395 1634 2455 2583 2984
5 217 422 1603 1770 2237
10 590 607 1220 1657 1725 2206 2244 2473 2869 2870
1 2868
1 2868
1 1104
1 2873
1 2872
5 864 1091 1346 2371 2874
2 675 2509
1 2876
2 1040 1208
1 2342
1 1055
4 1580 1996 2311 2361
1 2881
2 968 2435
2 186 2507
2 1125 1890
1 1815
3 1625 1965 2681
1 396
1 1650
2 608 2890
1 2889
3 445 486 1115
1 2117
2 85 2385
2 2159 3144
2 1544 2159
1 2897
2 1259 2896
3 567 1435 2730
17 70 203 550 634 927 1068 1094 1135 1946 2132 2275 2631 2899 2900 2901 2902 2903
4 194 1353 2052 2899
1 2899
1 2899
1 2899
1 2905
2 2904 3175
2 946 2109
3 1378 2038 2289
1 2805
4 167 998 1970 1985
2 540 610
12 442 540 610 649 923 1103 2134 2515 2646 3017 3046 3317
3 1484 2063 2113
1 2292
1 2915
1 2914
1 2917
1 2916
2 1461 1710
8 1 158 1097 1358 1575 1587 2404 2478
4 582 860 1004 3296
4 332 582 745 2189
2 437 635
2 754 1215
1 2401
21 153 373 622 912 993 1010 1034 1117 1427 1567 1605 1708 1910 2097 2257 2398 2475 2774 2775 2820 2967
3 1232 1617 2927
5 706 1112 1533 1617 2926
3 214 702 2773
1 305
1 308
3 316 637 2952
1 316
3 1 1097 2933
1 2935
1 2934
3 310 1878 2937
2 310 2936
2 524 2788
2 93 690
2 656 1287
1 175
2 240 2264
2 2072 2368
1 1244
4 782 1595 1870 1926
2 183 2946
2 1367 2960
3 331 690 1709
3 2090 2561 3011
4 582 2292 2951 2952
1 2950
2 2931 2950
1 1088
2 1471 2494
7 76 381 1185 1457 2445 2956 2957
2 1457 2955
4 2040 2082 2445 2955
2 1175 2096
2 2401 3025
3 758 1182 2947
1 685
1 320
1 812
4 768 1473 1956 1965
2 694 2286
6 208 404 438 2703 2705 2706
5 968 2115 2829 2925 2968
4 1153 2774 2829 2967
1 903
2 257 1722
1 2142
1 1458
3 465 582 3009
5 497 1779 1936 2094 2975
3 497 2094 2974
5 81 558 717 1902 2703
4 637 729 1620 2025
2 259 1262
2 230 1856
2 681 2981
1 2980
1 952
1 432
6 313 1264 1355 1395 2866 2994
2 730 2986
2 730 2985
1 730
1 1951
4 389 1984 2989 2990
1 2989
3 1122 2047 2664
1 60
3 234 2154 3215
3 49 491 2984
1 391
1 2997
1 2996
1 1941
2 1006 2762
1 2828
1 1507
1 336
2 3004 3005
1 3003
1 3003
2 354 1822
2 690 3249
1 1933
7 32 70 203 550 2120 2631 2973
2 550 1162
3 1808 2425 2949
1 228
1 965
3 965 1112 1617
1 1316
1 945
8 83 455 582 921 2189 2646 2911 3046
3 83 923 2646
2 803 3159
1 1981
3 1067 1189 1305
1 1610
1 568
1 2635
7 561 876 1180 1600 2580 2581 2959
4 790 921 1545 1620
2 1989 2426
2 746 2427
2 80 359
4 460 835 1757 3263
1 1962
1 1524
1 1126
2 1440 2736
3 958 1858 2031
3 741 1066 3203
5 901 1428 1624 1810 3038
3 1382 1624 3037
2 610 638
1 2348
1 2348
1 1115
1 1389
2 1554 2010
4 1042 1823 2342 3187
16 83 294 476 478 540 649 819 1256 1472 1865 1891 1932 2278 2495 2911 3017
3 440 541 1303
2 541 564
3 541 1572 3050
2 541 3049
3 194 1094 3207
2 194 1384
1 1143
1 2626
1 474
2 474 1509
2 3058 3059
2 3057 3059
2 3057 3058
1 911
1 295
1 1563
1 831
2 1433 1524
1 1433
3 1021 2589 3067
1 3066
2 1218 1868
1 1083
1 161
6 371 1369 1746 1981 2022 2339
2 918 3080
2 213 962
1 2435
2 959 1949
4 205 212 783 2835
1 2075
1 1153
1 1153
6 20 918 1583 2227 3072 3081
1 3080
1 3082
1 321
1 156
1 326
1 968
2 101 204
1 2014
1 2400
3 1695 2037 3091
1 3090
1 1664
3 219 303 2254
2 1314 3095
1 3094
1 589
1 1955
1 1229
3 582 649 923
1 1541
1 667
2 711 3267
2 711 3267
1 1604
1 479
2 410 3107
5 190 722 1822 2180 3106
4 954 1191 3109 3110
1 3108
1 3108
1 1900
1 1673
1 2135
2 1696 1760
1 3116
3 324 996 3115
3 1252 1571 3118
3 1252 1571 3117
2 1252 1571
2 1000 2464
1 145
1 3122
1 3123
1 245
3 1310 1851 1907
1 3127
1 3126
5 439 603 1471 2208 2494
2 1349 1910
1 47
2 47 2167
2 2686 3193
6 118 119 672 1156 1685 3134
3 132 205 3133
2 1499 3136
1 3135
1 121
4 466 1412 2174 2586
3 1085 1992 3244
1 666
1 1127
1 2460
1 2004
4 66 955 2894 3145
1 3144
3 519 3147 3148
2 1924 3146
2 582 3146
1 2185
2 1880 2185
1 1341
4 1983 2367 2541 2549
4 569 624 1426 2210
1 951
1 1906
6 88 356 482 708 2306 2453
1 1026
1 963
1 3019
1 2062
1 101
1 1328
2 424 2365
2 2363 2637
1 3166
1 3165
1 2309
1 2309
2 1523 3172
1 1523
2 1523 3172
4 1523 3169 3171 3173
1 3172
2 597 1143
1 2905
2 789 3177
1 3176
1 3179
1 3178
2 1306 3181
2 1306 3180
1 163
2 210 1766
3 190 325 330
3 403 1092 1662
1 303
1 3045
2 380 2155
1 245
1 3190
1 596
1 601
17 33 107 168 372 746 846 1143 1186 1244 1728 2558 3132 3194 3195 3196 3197 3210
2 1822 3193
1 3193
1 3193
2 33 3193
1 1811
1 1529
3 655 687 3201
2 655 3200
1 2153
5 225 245 1066 3036 3204
6 225 245 1066 1827 3203 3204
2 1784 2029
2 330 2065
2 1135 3051
1 1949
1 1655
1 3193
1 1113
2 1392 2857
1 506
1 640
5 1052 1239 2154 2189 2993
1 582
1 582
1 582
2 3 1237
2 1687 1822
5 308 567 689 1310 2255
1 2092
1 778
2 2041 2462
1 873
1 1519
3 1557 2320 3227
4 269 486 1115 3236
1 1321
3 239 1321 3254
1 2252
4 1907 2252 2713 2731
1 935
1 269
1 269
2 269 3228
2 46 1047
1 277
1 866
1 2178
6 738 1018 1032 1129 1586 2514
2 268 1581
1 2056
2 1085 3139
1 1972
2 1313 1462
1 1846
1 508
9 227 254 266 500 1808 1809 2492 2524 3007
1 2569
2 22 938
4 283 1045 1596 3253
3 1045 1596 3252
2 767 3230
1 2660
2 1670 3281
2 412 1778
1 636
1 1133
1 3260
2 673 1293
1 788
2 460 3030
1 1475
3 205 212 1792
1 2196
2 3102 3103
2 1548 2271
2 2007 2237
1 2007
1 1822
5 378 482 1589 2772 2773
4 1082 1266 1505 2411
11 95 110 405 472 541 1043 1551 1768 2269 2498 2835
1 744
3 482 2104 2169
1 90
1 185
1 2026
1 1194
1 3256
2 1917 2339
1 837
1 2673
1 2
6 374 447 1286 1667 2366 3287
1 3286
1 2497
1 344
1 2214
1 2653
1 2614
1 352
3 1410 1813 2153
4 475 1679 2251 2262
4 342 860 2497 2920
1 1664
1 266
2 83 515
1 2599
2 1908 3302
2 1908 3301
1 1073
3 734 1651 2050
1 1733
1 1733
1 1969
3 19 1451 2824
1 41
1 116
1 717
2 1981 2022
1 1974
1 998
1 645
1 1181
1 2911
1 83
1 3320
1 3319
1 1750
1 3323
1 3322
3 131 268 2820
1 1643
1 33
