1 1 6 19
1 1 11 18
1 1 7 0
1 1 43 2
1 1 24 21
1 1 16 32
1 1 3 32
1 1 36 24
1 1 27 19
1 1 9 41
1 1 11 38
1 1 28 29
1 1 40 11
1 1 21 4
1 1 35 3
1 1 25 28
1 1 10 43
1 1 11 12
1 1 6 29
1 1 15 9
1 1 5 19
1 1 32 28
1 1 17 24
1 1 8 30
1 1 2 29
1 1 29 22
1 1 15 6
1 1 1 40
1 1 40 17
1 1 11 41
1 1 5 33
1 1 12 0
1 1 3 6
1 1 11 15
1 1 2 35
1 1 5 27
1 1 39 19
1 1 45 25
1 1 37 22
1 1 36 32
1 1 18 15
1 1 15 45
1 1 9 14
1 1 21 2
1 1 20 4
1 1 31 1
1 1 12 1
1 1 8 16
1 1 3 11
1 1 25 20
1 1 11 36
1 1 9 28
1 1 34 39
1 1 29 32
1 1 14 3
1 1 4 25
1 1 10 28
1 1 11 21
1 1 28 9
1 1 12 25
1 1 15 39
1 1 9 12
1 1 26 10
1 1 12 21
1 1 9 28
1 1 0 34
1 1 13 19
1 1 12 16
1 1 35 34
1 1 8 33
1 1 10 32
1 1 33 1
1 1 43 21
1 1 9 2
1 1 3 20
1 1 3 26
1 1 47 29
1 1 38 30
1 1 30 3
1 1 45 6
1 1 28 44
1 1 7 3
1 1 1 22
1 1 18 23
1 1 24 9
1 1 31 13
1 1 42 19
1 1 12 21
1 1 21 27
1 1 43 31
1 1 43 20
1 1 14 9
1 1 40 46
1 1 42 1
1 1 35 3
1 1 15 4
1 1 16 33
1 1 9 24
1 1 39 22
1 1 32 34
1 1 31 34
1 1 4 41
1 1 10 37
1 1 35 16
1 1 42 9
1 1 24 6
1 1 28 19
1 1 16 3
1 1 37 0
1 1 25 14
1 1 32 4
1 1 41 0
1 1 25 39
1 1 29 14
1 1 24 16
1 1 18 28
1 1 11 40
1 1 43 6
1 1 6 20
1 1 34 9
1 1 44 19
1 1 18 5
1 1 13 37
1 1 12 9
1 1 3 19
1 1 10 33
1 1 8 14
1 1 34 38
1 1 16 36
1 1 11 2
1 1 0 1
1 1 18 32
1 1 37 13
1 1 4 46
1 1 17 22
1 1 40 34
1 1 29 24
1 1 33 22
1 1 39 21
1 1 32 20
1 1 6 5
1 1 24 11
1 1 2 16
1 1 17 2
1 1 0 32
1 1 2 6
1 1 20 38
1 1 13 2
1 1 3 34
1 1 7 23
1 1 42 24
1 1 45 10
1 1 7 22
1 1 23 30
1 1 18 36
1 1 24 48
1 1 41 12
1 1 39 34
1 1 36 4
1 1 8 33
1 1 45 43
1 1 1 44
1 1 11 0
1 1 24 20
1 1 19 22
1 1 6 5
1 1 33 1
1 1 6 37
1 1 7 33
1 1 32 24
1 1 6 26
1 1 23 29
1 1 21 35
1 1 38 39
1 1 32 40
1 1 24 7
1 1 18 6
1 1 24 40
1 1 14 33
1 1 9 23
1 1 28 2
1 1 39 22
1 1 32 13
1 1 20 25
1 1 7 29
1 1 11 0
1 1 13 24
1 1 8 20
1 1 45 44
1 1 21 36
1 1 12 37
1 1 21 37
1 1 21 14
1 1 17 29
1 1 43 14
1 1 27 42
1 1 13 4
1 1 2 16
1 1 0 15
1 1 23 18
1 1 40 4
1 1 41 22
1 1 7 4
1 1 21 6
1 1 40 34
1 1 30 28
1 1 1 18
1 1 40 8
1 1 19 1
1 1 7 9
1 1 6 10
1 1 42 21
1 1 13 17
1 1 1 28
1 1 1 29
1 1 29 37
1 1 9 13
1 1 23 21
1 1 18 19
1 1 32 10
1 1 28 5
1 1 20 19
1 1 24 41
1 1 46 10
1 1 13 34
1 1 38 13
1 1 38 44
1 1 27 21
1 1 15 32
1 1 24 3
1 1 9 37
1 1 36 42
1 1 20 30
1 1 5 7
1 1 25 28
1 1 34 43
1 1 4 38
1 1 36 3
1 1 20 17
1 1 16 5
1 1 27 32
1 1 40 43
1 1 32 17
1 1 23 26
1 1 24 4
1 1 43 29
1 1 18 35
1 1 35 10
1 1 19 26
1 1 31 42
1 1 12 23
1 1 32 18
1 1 27 33
1 1 19 43
1 1 14 1
1 1 32 37
1 1 4 8
1 1 1 27
1 1 39 20
1 1 7 3
1 1 39 10
1 1 28 20
1 1 30 26
1 1 10 9
1 1 36 6
1 1 22 16
1 1 40 0
1 2 3 30
1 1 4 2
1 1 40 4
1 1 11 3
1 1 33 2
1 1 3 16
1 1 0 16
1 1 19 34
1 1 37 6
1 1 42 24
1 1 30 2
1 1 44 26
1 1 26 38
1 1 33 17
1 1 29 3
1 1 25 29
1 1 37 22
1 1 31 22
1 1 19 29
1 1 14 35
1 1 7 34
1 1 17 40
1 1 39 28
1 1 35 17
1 1 28 31
1 1 45 12
1 1 14 39
1 1 20 8
1 1 26 9
1 1 23 4
1 1 1 2
1 1 26 21
1 1 19 12
1 1 33 31
1 1 13 3
1 1 15 35
1 1 0 13
1 1 37 30
1 1 7 13
1 1 42 35
1 1 11 41
1 1 40 11
1 1 11 7
1 1 13 35
1 1 15 16
1 1 25 26
1 1 32 39
1 1 29 13
1 1 15 13
1 1 22 21
1 1 30 1
1 1 18 40
1 1 18 36
1 1 17 40
1 1 16 34
1 1 36 31
1 1 1 0
1 1 19 5
1 1 8 24
1 1 46 21
1 1 42 37
1 1 20 25
1 1 4 18
1 1 39 2
1 1 1 5
1 1 32 37
1 1 10 19
1 1 8 32
1 1 12 14
1 1 46 37
1 1 36 31
1 1 46 33
1 1 11 12
1 1 22 19
1 1 23 11
1 1 7 45
1 1 9 32
1 1 1 21
1 1 20 19
1 1 43 24
1 1 1 8
1 1 30 29
1 1 11 3
1 1 9 21
1 1 24 41
1 1 9 6
1 1 21 4
1 1 9 13
1 1 45 24
1 1 13 26
1 1 8 6
1 1 15 33
1 1 7 1
1 1 1 42
1 1 35 26
1 1 4 13
1 1 20 11
1 1 31 24
1 1 34 37
1 1 29 0
1 1 7 32
1 1 38 19
1 1 22 28
1 1 48 29
1 1 31 39
1 1 35 40
1 1 25 21
1 1 11 48
1 1 17 28
1 1 16 7
1 1 5 37
1 1 24 15
1 1 16 32
1 1 45 7
1 1 41 23
1 1 26 13
1 1 20 30
1 1 1 8
1 1 1 35
1 1 7 46
1 1 28 7
1 1 7 8
1 1 22 4
1 1 37 10
1 1 26 19
1 1 41 4
1 1 20 23
1 1 28 27
1 1 10 39
1 1 24 25
1 1 23 28
1 1 22 47
1 1 23 7
1 1 18 34
1 1 40 7
1 1 2 19
1 1 8 4
1 1 23 15
1 1 21 30
1 1 35 29
1 1 15 43
1 1 37 40
1 1 22 21
1 1 20 2
1 1 8 35
1 1 31 13
1 1 25 0
1 1 14 3
1 1 1 8
1 1 32 20
1 1 41 6
1 1 18 32
1 1 17 28
1 1 29 45
1 1 6 22
1 1 33 29
1 1 25 6
1 1 34 29
1 1 36 0
1 1 4 37
1 1 0 22
1 1 10 6
1 1 24 30
1 1 20 11
1 1 21 41
1 1 31 30
1 1 3 24
1 1 36 32
1 1 23 25
1 1 12 46
1 1 24 31
1 1 28 6
1 1 14 27
1 1 6 5
1 1 23 0
1 1 7 3
1 1 38 22
1 1 31 8
1 1 0 3
1 1 39 0
1 1 16 25
1 1 21 34
1 1 16 9
1 1 17 41
1 1 9 24
1 1 4 45
1 1 19 8
1 1 16 3
1 1 13 24
1 1 14 4
1 1 9 4
1 1 27 19
1 1 20 37
1 1 36 27
1 1 34 2
1 1 11 21
1 1 27 3
1 1 38 3
1 1 13 17
1 1 24 31
1 1 16 43
1 1 4 18
1 1 32 13
1 1 30 31
1 1 31 3
1 1 14 29
1 1 39 38
1 1 14 20
1 1 32 0
1 1 10 14
1 1 11 39
1 1 18 47
1 1 2 16
1 1 3 1
1 1 20 2
1 1 19 36
1 1 4 13
1 1 2 22
1 1 13 1
1 1 29 16
1 1 1 43
1 1 25 19
1 1 36 4
1 1 28 25
1 1 42 6
1 1 38 5
1 1 18 35
1 1 10 17
1 1 2 20
1 1 4 24
1 1 26 28
1 1 23 38
1 1 42 28
2 2 27 30
2 2 42 43
2 1 3 1
2 2 17 16
2 2 9 6
2 1 3 2
2 2 13 6
2 1 17 2
2 2 19 3
2 2 19 4
2 2 25 38
2 2 17 16
2 2 5 4
2 1 35 26
2 2 3 21
2 1 22 25
2 2 15 18
2 2 39 33
2 2 9 17
2 2 37 33
2 2 23 27
2 1 8 10
2 1 18 16
2 1 34 39
2 2 17 16
2 2 38 20
2 2 9 19
2 2 43 28
2 2 23 22
2 2 13 0
2 2 34 20
2 2 36 33
2 2 32 31
2 2 39 27
2 1 39 44
2 2 7 14
2 2 11 6
2 2 22 23
2 2 22 41
2 2 34 37
2 2 1 9
2 2 3 8
2 2 13 17
2 1 29 24
2 2 27 26
2 2 44 40
2 1 17 10
2 2 44 30
2 2 17 7
2 2 21 7
2 2 20 9
2 2 41 24
2 1 32 35
2 1 17 11
2 2 22 1
2 2 10 8
2 2 22 15
2 2 9 4
2 2 12 13
2 2 33 27
2 2 8 15
2 2 33 39
2 2 8 5
2 2 20 14
2 2 14 20
2 2 28 39
2 2 31 26
2 2 28 32
2 2 3 18
2 2 37 34
2 2 6 1
2 2 4 2
2 1 19 3
2 2 18 5
2 2 23 27
2 1 40 39
2 1 26 35
2 1 4 10
2 1 26 43
2 1 26 37
2 2 0 20
2 2 6 12
2 1 27 43
2 2 39 31
2 1 32 33
2 2 43 37
2 2 10 6
2 2 8 3
2 2 42 33
2 2 19 0
2 2 2 11
2 2 4 16
2 2 36 38
2 2 1 13
2 2 14 5
2 2 18 13
2 2 4 1
2 1 21 20
2 2 38 31
2 2 43 40
2 2 3 13
2 2 29 26
2 1 9 0
2 2 32 27
2 2 39 28
2 2 3 11
2 2 15 8
2 1 0 6
2 2 0 15
2 2 12 1
2 1 45 40
2 2 25 27
2 1 17 12
2 1 8 12
2 2 18 8
2 2 40 32
2 2 24 34
2 2 5 3
2 1 27 26
2 2 1 11
2 2 12 18
2 2 33 41
2 2 4 6
2 2 42 33
2 2 20 2
2 1 25 31
2 2 5 14
2 2 36 24
2 2 33 25
2 2 37 24
2 2 42 40
2 2 15 2
2 2 34 23
2 2 35 37
2 2 28 20
2 2 31 27
2 2 14 11
2 2 20 7
2 2 14 4
2 1 10 15
2 2 36 24
2 2 10 8
2 1 33 43
2 2 32 27
2 2 33 27
2 2 11 4
2 2 31 22
2 1 1 7
2 2 21 40
2 2 36 25
2 2 8 1
2 2 35 37
2 1 11 18
2 2 15 7
2 2 40 37
2 2 1 11
2 2 24 25
2 2 14 18
2 2 17 10
2 1 42 38
2 2 0 6
2 1 3 16
2 2 24 21
2 2 40 26
2 2 33 35
2 1 28 33
2 2 8 1
2 1 1 21
2 2 13 12
2 2 35 27
2 2 23 20
2 2 6 11
2 2 41 27
2 1 2 0
2 2 21 32
2 2 6 15
2 2 46 27
2 1 6 9
2 1 18 10
2 1 20 2
2 2 8 12
2 2 38 21
2 2 17 2
2 1 3 2
2 2 11 6
2 2 6 12
2 2 23 25
2 2 43 30
2 1 26 44
2 2 35 25
2 2 31 24
2 2 5 13
2 2 0 2
2 1 45 29
2 2 46 24
2 1 22 7
2 2 20 25
2 2 41 30
2 2 12 0
2 2 36 43
2 1 28 41
2 2 41 22
2 2 38 33
2 2 27 32
2 2 42 24
2 1 49 31
2 2 32 24
2 1 5 21
2 2 27 30
2 1 11 14
2 2 24 25
2 2 33 31
2 2 12 5
2 1 38 25
2 2 19 4
2 1 43 40
2 2 29 42
2 1 0 11
2 2 37 39
2 2 27 37
2 2 29 40
2 2 37 40
2 2 24 29
2 2 30 32
2 2 42 25
2 2 7 15
2 2 16 13
2 2 10 3
2 1 0 1
2 2 7 15
2 2 27 47
2 2 41 38
2 2 14 10
2 2 10 6
2 2 30 42
2 1 26 33
2 2 16 19
2 2 38 39
2 1 15 20
2 1 5 9
2 2 14 4
2 2 7 2
2 1 43 42
2 2 6 18
2 2 24 34
2 2 2 1
2 2 0 7
2 1 43 25
2 2 15 22
2 2 6 11
2 2 32 29
2 2 46 36
2 2 29 41
2 2 33 42
2 2 9 15
2 2 16 14
2 2 11 8
2 1 25 31
2 1 4 7
2 2 29 30
2 1 44 37
2 2 32 34
2 2 12 2
2 2 40 37
2 1 20 14
2 2 32 31
2 2 31 29
2 1 17 3
2 2 19 13
2 2 6 0
2 2 9 19
2 2 14 19
2 2 21 1
2 2 20 19
2 2 40 43
2 2 19 11
2 2 20 22
2 2 6 20
2 1 24 1
2 2 13 4
2 2 39 30
2 1 37 38
2 2 14 8
2 2 37 41
2 2 30 41
2 2 4 0
2 1 23 41
2 2 41 24
2 1 28 37
2 2 0 9
2 2 4 12
2 2 10 20
2 2 17 13
2 2 19 7
2 2 14 9
2 1 40 41
2 2 38 36
2 2 21 1
2 1 29 36
2 2 6 2
2 2 9 12
2 1 28 30
2 2 1 20
2 1 24 28
2 2 13 3
2 2 41 34
2 2 9 19
2 2 26 27
2 2 31 25
2 1 35 25
2 2 35 36
2 2 19 20
2 1 11 5
2 1 12 6
2 2 7 22
2 2 12 14
2 2 16 18
2 2 20 9
2 1 11 16
2 2 17 9
2 2 8 6
2 2 35 28
2 2 14 11
2 2 19 4
2 2 16 10
2 1 17 24
2 1 4 12
2 2 12 2
2 2 13 17
2 2 12 14
2 1 41 45
2 1 12 15
2 2 8 14
2 2 41 40
2 2 10 9
2 2 36 31
2 1 6 20
2 2 15 0
2 1 8 20
2 1 29 30
2 1 24 36
2 1 13 18
2 2 12 19
2 2 18 12
2 1 39 40
2 1 43 40
2 2 9 18
2 2 43 25
2 2 19 24
2 2 7 4
2 2 15 9
2 1 32 40
2 2 26 48
2 2 40 35
2 2 22 21
2 2 21 12
2 2 33 27
2 1 16 11
2 2 19 21
2 1 24 44
2 2 35 26
2 1 14 11
2 2 1 3
2 1 38 28
2 2 45 28
2 2 4 11
2 1 19 2
2 2 32 36
2 1 26 24
2 2 13 0
2 2 6 21
2 2 10 7
2 2 24 35
2 1 3 0
2 1 3 18
2 1 27 38
2 2 8 1
2 1 37 40
2 2 14 2
2 2 41 27
2 1 27 28
2 2 0 18
2 1 27 25
2 2 22 9
2 1 9 22
2 2 27 20
2 2 42 24
2 1 5 0
2 2 7 15
2 1 47 44
2 2 12 10
2 2 27 29
2 2 25 47
2 2 0 6
2 2 13 14
2 2 5 12
2 2 39 27
2 2 15 7
2 2 40 42
2 2 26 45
2 2 26 45
2 2 33 25
2 1 1 23
2 2 30 23
2 2 16 21
2 2 13 17
2 2 14 11
2 2 21 27
2 2 13 15
2 2 21 29
2 2 2 7
2 2 33 35
2 2 11 10
2 2 7 2
2 2 14 15
2 2 5 14
2 2 18 2
2 1 16 4
2 2 37 30
2 1 2 1
2 2 13 9
2 2 24 31
2 2 23 19
2 2 41 32
2 2 0 15
2 2 43 31
2 2 20 22
2 2 12 13
2 2 40 25
2 2 4 1
2 2 24 32
2 1 26 29
2 2 12 14
2 2 31 23
2 1 16 19
2 2 32 41
2 2 2 15
2 1 11 2
2 2 40 33
2 2 9 16
2 2 19 3
2 2 39 33
2 2 3 11
2 2 14 21
2 1 32 36
2 2 32 30
2 2 24 35
2 2 38 37
2 1 1 9
2 2 38 43
2 2 16 4
2 2 17 13
2 2 6 1
2 1 2 4
2 2 30 27
2 2 42 35
2 2 27 35
2 2 6 18
2 2 26 22
2 2 42 38
2 1 37 38
2 2 2 9
2 2 4 17
2 2 35 29
2 2 36 23
2 2 21 2
2 2 4 2
2 2 13 22
2 2 15 7
2 2 30 39
2 2 26 37
2 2 12 20
2 2 10 3
2 2 40 33
2 1 20 8
2 2 22 0
2 2 0 8
2 2 0 6
2 2 43 32
2 2 4 17
2 2 20 3
2 2 4 15
2 2 0 13
2 2 24 39
2 2 1 2
2 1 44 45
2 2 38 30
2 2 25 31
2 1 23 41
2 2 10 9
2 2 29 24
2 1 39 28
2 1 18 14
2 2 8 12
2 2 43 32
2 2 25 34
2 1 38 26
2 2 38 41
2 2 30 33
2 2 46 24
3 2 13 19
3 2 30 21
3 2 0 9
3 2 28 30
3 2 12 3
3 2 11 0
3 2 2 4
3 2 1 3
3 2 16 18
3 2 1 7
3 2 3 0
3 2 1 3
3 2 28 37
3 2 36 37
3 2 4 5
3 2 6 2
3 2 2 0
3 2 2 9
3 2 8 0
3 2 20 15
3 2 20 26
3 2 28 24
3 2 3 2
3 2 5 3
3 2 40 31
3 2 3 10
3 2 20 15
3 2 12 7
3 2 21 14
3 2 38 43
3 2 9 1
3 2 17 28
3 2 4 5
3 2 41 37
3 2 31 33
3 2 21 17
3 2 13 24
3 2 23 19
3 2 20 30
3 2 8 3
3 2 7 13
3 2 5 8
3 2 18 14
3 2 16 18
3 2 6 2
3 2 43 37
3 2 38 35
3 2 39 31
3 2 6 13
3 2 7 8
3 2 7 11
3 2 13 1
3 2 6 1
3 2 27 17
3 2 5 14
3 2 21 27
3 2 25 26
3 2 30 33
3 2 13 7
3 2 38 28
3 2 24 21
3 2 2 7
3 2 27 15
3 2 15 18
3 2 22 21
3 2 31 35
3 2 6 1
3 2 12 7
3 2 11 5
3 2 6 10
3 2 42 35
3 2 33 37
3 2 22 16
3 2 3 11
3 2 18 27
3 2 18 16
3 2 33 32
3 2 16 15
3 2 30 40
3 2 9 2
3 2 21 25
3 2 3 11
3 2 27 24
3 2 24 26
3 2 24 27
3 2 17 29
3 2 9 1
3 2 23 19
3 2 30 35
3 2 25 29
3 2 13 15
3 2 40 43
3 2 26 30
3 2 9 2
3 2 9 6
3 2 21 23
3 2 30 28
3 2 24 27
3 2 9 5
3 2 20 19
3 2 18 23
3 1 16 23
3 2 27 36
3 2 23 16
3 2 18 17
3 2 18 14
3 2 18 15
3 2 47 39
3 2 27 34
3 2 7 1
3 2 15 22
3 2 3 15
3 2 23 22
3 2 20 25
3 2 10 13
3 2 4 1
3 2 26 19
3 2 17 21
3 2 24 16
3 2 12 11
3 2 1 10
3 1 34 37
3 2 20 26
3 2 5 3
3 2 44 45
3 2 5 8
3 2 39 33
3 2 0 6
3 2 25 20
3 2 6 7
3 2 24 20
3 2 1 12
3 2 33 30
3 2 47 43
3 2 34 40
3 2 23 24
3 2 2 7
3 2 10 0
3 2 14 16
3 2 19 25
3 2 4 12
3 2 6 11
3 2 3 4
3 2 12 0
3 2 34 30
3 2 21 16
3 2 3 0
3 2 30 39
3 2 26 25
3 2 8 0
3 2 33 30
3 2 1 9
3 2 8 6
3 2 1 9
3 2 0 9
3 2 2 12
3 2 2 4
3 2 22 18
3 2 14 8
3 2 11 2
3 2 30 32
3 2 7 8
3 2 15 8
3 2 6 2
3 2 0 4
3 2 13 3
3 2 9 12
3 2 41 37
3 2 39 43
3 2 34 32
3 2 7 5
3 2 8 11
3 2 1 14
3 2 3 6
3 2 35 39
3 2 12 3
3 2 17 23
3 2 11 3
3 2 9 3
3 2 1 12
3 2 4 10
3 2 20 16
3 2 22 24
3 2 6 5
3 2 35 39
3 2 0 7
3 2 0 7
3 2 2 13
3 2 3 4
3 2 1 12
3 2 11 4
3 2 5 3
3 2 40 28
3 2 9 2
3 2 7 11
3 2 2 7
3 2 10 3
3 2 38 41
3 2 23 25
3 2 6 10
3 2 1 11
3 2 4 5
3 2 12 8
3 2 33 35
3 2 11 14
3 2 13 27
3 2 3 9
3 2 30 31
3 2 25 21
3 2 13 5
3 2 12 10
3 2 4 9
3 2 7 10
3 2 5 1
3 2 30 29
3 2 6 9
3 2 15 26
3 2 25 18
3 2 23 15
3 2 16 21
3 2 33 43
3 2 11 14
3 2 22 19
3 2 36 32
3 2 14 27
3 2 44 38
3 2 3 5
3 2 31 26
3 2 3 1
3 2 35 42
3 2 44 43
3 2 11 10
3 2 12 3
3 2 34 44
3 2 17 23
3 2 4 2
3 2 16 19
3 2 18 24
3 2 25 28
3 2 21 28
3 2 9 0
3 2 22 24
3 2 38 37
3 2 0 10
3 2 11 0
3 2 23 18
3 2 4 6
3 2 0 14
3 2 0 9
3 2 3 14
3 2 35 31
3 2 1 6
3 2 9 4
3 2 2 14
3 2 13 12
3 2 12 4
3 2 15 8
3 2 14 21
3 2 7 15
3 2 19 26
3 2 31 33
3 2 10 4
3 2 11 2
3 2 6 3
3 2 16 18
3 2 19 26
3 2 18 24
3 2 15 27
3 2 41 37
3 2 9 3
3 2 12 13
3 2 10 7
3 2 33 35
3 2 31 29
3 2 3 0
3 2 43 39
3 2 9 4
3 2 11 0
3 2 27 26
3 2 33 27
3 2 36 41
3 2 1 8
3 2 10 8
3 2 33 41
3 2 21 28
3 2 0 10
3 2 4 5
3 2 32 36
3 2 10 7
3 2 31 28
3 2 26 14
3 2 0 2
3 2 42 29
3 2 21 17
3 2 11 2
3 2 25 22
3 2 22 24
3 2 34 35
3 2 8 12
3 2 4 2
3 2 12 11
3 2 14 15
3 2 18 16
3 2 19 18
3 2 28 30
3 2 5 0
3 2 1 9
3 2 36 33
3 2 28 22
3 2 22 16
3 2 2 6
3 2 7 3
3 2 8 10
3 2 30 41
3 2 1 10
3 2 35 29
3 2 27 19
3 2 44 38
3 2 8 1
3 2 34 38
3 2 10 0
3 2 13 4
3 2 3 1
3 2 11 3
3 2 10 0
3 2 5 2
3 2 6 10
3 2 39 43
3 2 32 28
3 2 8 2
3 2 9 6
3 2 20 25
3 2 43 41
3 2 33 34
3 2 34 38
3 2 33 31
3 2 35 33
3 2 22 31
3 2 2 8
3 2 16 27
3 2 34 37
3 2 28 35
3 2 38 34
3 2 6 1
3 2 36 32
3 2 3 5
3 2 34 31
3 2 2 12
3 2 20 16
3 2 41 38
3 2 18 26
3 2 41 29
3 2 16 15
3 2 8 11
3 2 39 36
3 2 39 31
3 2 18 23
3 2 28 40
3 2 37 28
3 2 39 42
3 2 1 2
3 2 30 39
3 2 30 32
3 2 22 27
3 2 28 32
3 2 30 33
3 2 9 4
3 2 3 11
3 2 24 18
3 2 25 22
3 2 33 37
3 2 0 4
3 2 29 37
3 2 37 36
3 2 46 31
3 2 7 12
3 2 29 39
3 2 19 17
3 2 14 5
3 2 23 14
3 2 23 22
3 2 10 7
3 2 0 2
3 2 40 33
3 2 11 6
3 2 15 14
3 2 2 6
3 2 22 27
3 2 34 31
3 2 8 7
3 2 39 30
3 2 2 4
3 2 11 12
3 2 1 9
3 2 3 6
3 2 14 15
3 2 1 11
3 2 5 1
3 2 7 1
3 2 11 0
3 2 16 24
3 2 5 1
3 2 12 13
3 2 32 31
3 2 42 32
3 2 13 0
3 2 11 1
3 2 38 34
3 2 36 29
3 2 38 39
3 2 22 16
3 2 8 3
3 2 28 15
3 2 6 8
3 2 0 5
3 2 37 38
3 2 35 43
3 2 41 37
3 2 17 29
3 2 7 10
3 2 5 7
3 2 31 37
3 2 11 5
3 2 42 30
3 2 7 4
3 2 9 6
3 2 25 24
3 2 42 41
3 2 31 35
3 2 0 7
3 2 18 19
3 2 6 14
3 2 1 10
3 2 8 12
3 2 15 18
3 2 23 25
3 2 13 1
3 2 14 1
3 2 18 19
3 2 34 37
3 2 22 19
3 2 32 37
3 2 7 5
3 2 14 24
3 2 13 5
3 2 1 4
3 2 6 9
3 2 8 6
3 2 30 29
3 2 40 31
3 2 4 12
3 2 36 39
3 2 4 15
3 2 0 10
3 2 6 0
3 2 7 2
3 2 3 4
3 2 4 11
3 2 1 0
3 2 18 27
3 2 44 39
3 2 14 19
3 2 13 5
3 2 2 5
3 2 14 9
3 2 20 18
3 2 16 26
3 2 7 4
3 2 2 15
3 2 5 2
3 2 42 37
3 2 3 5
3 2 16 25
3 2 2 4
3 2 8 2
3 2 2 13
3 2 35 32
3 2 2 5
3 2 3 12
3 2 8 14
3 2 5 13
3 2 7 0
3 2 13 0
3 2 16 24
3 2 1 7
3 2 39 35
3 2 0 3
3 2 19 24
3 2 9 3
3 2 8 11
3 2 9 0
3 2 1 6
3 2 2 15
3 2 20 24
3 2 21 25
3 2 18 16
3 2 1 0
3 2 12 10
3 2 30 38
3 2 39 37
