1 1 0 1
1 1 0 1
1 1 5 4
1 1 0 1
1 1 0 3
1 1 0 1
1 1 0 1
1 1 0 1
1 1 0 1
1 1 0 1
1 1 0 1
1 1 0 1
1 1 0 1
1 1 0 1
1 1 10 13
1 1 7 16
1 1 2 12
1 1 0 1
1 1 7 0
1 2 2 15
1 1 2 0
1 1 12 6
1 1 0 1
1 1 0 1
1 1 0 1
1 1 0 1
1 1 0 1
1 1 0 1
1 1 0 2
1 1 0 1
1 1 0 1
1 1 0 1
1 1 0 1
1 1 0 1
1 1 0 1
1 1 0 1
1 1 0 1
1 1 3 10
1 2 2 6
1 1 3 17
1 1 0 1
1 1 0 1
1 1 0 2
1 1 0 1
1 1 17 0
1 1 0 1
1 1 0 1
1 2 2 5
1 1 0 1
1 1 0 1
1 1 0 1
1 1 4 5
1 1 0 5
1 2 11 6
1 1 6 0
1 1 0 1
1 1 2 3
1 1 0 1
1 1 0 1
1 1 0 1
1 1 0 1
1 1 0 1
1 1 0 1
1 1 0 1
1 1 0 1
1 1 0 1
1 1 1 10
1 1 0 1
1 1 0 1
1 1 7 1
1 1 0 1
1 1 0 1
1 1 0 1
1 1 19 0
1 1 0 12
1 1 0 14
1 1 0 1
1 1 0 1
1 1 0 1
1 1 0 1
1 1 0 1
1 1 0 1
1 1 5 7
1 1 0 1
1 1 0 1
1 1 0 1
1 1 0 1
1 1 9 14
1 1 0 12
1 2 6 5
1 1 0 1
1 1 5 14
1 1 0 1
1 1 0 1
1 1 0 1
1 1 0 11
1 1 15 0
1 1 0 1
1 1 0 1
1 1 0 10
1 1 0 1
1 1 1 8
1 1 1 0
1 1 0 1
1 1 0 1
1 1 9 2
1 1 3 7
1 1 0 1
1 1 0 1
1 1 0 1
1 1 0 1
1 1 0 1
1 1 0 14
1 1 0 1
1 1 0 1
1 1 0 1
1 1 12 0
1 1 0 4
1 1 0 1
1 1 0 1
1 1 0 1
1 1 12 0
1 1 0 1
1 1 0 1
1 1 0 1
1 1 0 1
1 1 0 1
1 1 0 3
1 1 0 1
1 1 0 12
1 1 0 1
1 1 0 1
1 2 0 7
1 1 0 1
1 1 6 5
1 2 7 10
1 1 0 1
1 1 15 7
1 1 0 1
1 1 0 1
1 1 0 1
1 1 0 1
1 1 0 1
1 1 17 4
1 1 0 1
1 1 0 1
1 1 0 1
1 1 0 1
1 1 0 1
1 1 0 1
1 1 0 1
1 1 0 1
1 1 8 4
1 1 8 7
1 1 0 1
1 1 1 0
1 1 0 1
1 1 0 1
1 1 0 1
1 1 0 1
1 1 0 1
1 1 0 1
1 1 0 1
1 1 12 0
1 1 6 7
1 1 1 0
1 1 7 12
1 1 0 1
1 1 0 1
1 1 0 1
1 1 0 1
1 1 0 1
1 1 0 1
1 2 13 2
1 1 0 1
1 1 9 10
1 1 0 1
1 1 0 2
1 1 0 1
1 1 0 1
1 1 0 1
1 1 0 1
1 1 0 1
1 1 0 1
1 1 0 1
1 1 0 11
1 1 13 11
1 1 0 1
1 1 1 6
1 1 0 1
1 1 11 1
1 1 11 0
1 1 0 5
1 1 0 2
1 1 0 1
1 1 0 1
1 1 8 6
1 1 8 3
1 1 0 1
1 1 0 1
1 1 0 1
1 1 0 1
1 1 2 13
1 1 0 1
1 1 0 1
1 2 6 9
1 1 0 1
1 1 5 0
1 1 0 1
1 1 0 1
1 1 0 1
1 1 0 1
1 1 0 1
1 1 0 1
1 1 0 1
1 1 0 1
1 1 1 13
1 1 0 1
1 1 0 1
1 1 0 1
1 1 0 1
1 1 0 1
1 1 19 8
1 1 0 1
1 1 0 13
1 1 0 1
1 1 2 0
1 1 11 0
1 1 1 15
1 1 2 12
1 1 2 12
1 1 0 1
1 1 0 1
1 1 5 0
1 1 1 8
1 1 0 1
1 1 0 1
1 1 0 1
1 1 11 7
1 1 15 5
1 1 0 1
1 1 3 17
1 1 0 1
1 1 0 1
1 1 0 8
1 1 0 1
1 1 0 1
1 1 7 1
1 1 0 1
1 1 0 1
1 1 0 1
1 1 0 1
1 1 13 9
1 1 0 1
1 1 0 1
1 1 0 1
1 1 0 1
1 1 2 0
1 1 0 1
1 1 3 12
1 1 0 1
1 1 0 3
1 1 0 5
1 1 0 1
1 1 2 0
1 1 1 9
1 1 0 1
1 1 0 1
1 1 0 1
1 1 0 3
1 1 0 1
1 1 9 0
1 1 0 1
1 1 0 1
1 1 0 1
1 1 0 1
1 1 13 5
1 1 0 1
1 1 0 1
1 1 0 1
1 1 15 2
1 1 3 7
1 1 0 2
1 1 2 4
1 1 0 1
1 1 0 1
1 1 0 1
1 1 0 2
1 1 0 1
1 1 0 1
1 1 0 1
1 1 0 1
1 1 7 3
1 1 11 0
1 2 10 8
1 1 1 0
1 1 6 0
1 1 8 0
1 1 0 1
1 2 9 14
1 1 0 1
1 1 0 1
1 1 9 4
1 1 0 1
1 1 0 1
1 1 3 0
1 1 0 1
1 1 0 1
1 1 0 1
1 1 13 0
1 1 0 1
1 1 0 13
1 1 11 5
1 1 0 1
1 1 8 10
1 1 0 1
1 1 0 1
1 1 0 1
1 1 6 9
1 2 12 9
1 1 0 14
1 1 0 1
1 1 1 2
1 1 0 17
1 1 0 1
1 1 0 1
1 1 0 1
1 1 0 1
1 1 0 17
1 1 16 8
1 1 0 1
1 1 11 0
1 1 0 1
1 1 0 1
1 1 0 1
1 1 0 2
1 1 0 1
1 1 0 1
1 1 0 1
1 2 4 9
1 1 0 4
1 1 10 14
1 1 0 1
1 1 8 2
1 1 0 1
1 1 10 0
1 1 0 1
1 1 6 1
1 1 0 1
1 1 0 1
1 1 8 5
1 1 0 3
1 1 0 1
1 1 0 1
1 1 0 1
1 1 0 1
1 1 10 3
1 1 0 1
1 1 0 1
1 1 0 1
1 1 0 15
1 1 0 1
1 1 0 1
1 1 16 0
1 1 0 1
1 1 7 12
1 1 12 0
1 2 3 12
1 1 0 1
1 1 0 1
1 1 0 1
1 1 0 17
1 1 0 1
1 1 0 1
1 1 0 1
1 1 0 3
1 1 0 1
1 1 0 1
1 1 0 1
1 1 0 1
1 1 0 1
1 1 2 14
1 1 4 9
1 1 15 6
1 1 0 1
1 1 7 1
1 1 0 1
1 1 0 1
1 1 1 0
1 1 0 1
1 1 0 1
1 1 0 1
1 1 0 1
1 1 0 1
1 1 0 1
1 1 0 1
1 1 12 9
1 1 0 1
1 1 0 1
1 1 8 10
1 1 0 8
1 1 0 1
1 1 10 6
1 1 0 1
1 1 12 0
1 1 0 1
1 1 0 1
1 1 7 1
1 1 0 1
1 1 6 0
1 1 0 1
1 1 0 1
1 1 0 5
1 1 0 1
1 1 7 5
1 1 0 1
1 1 1 12
1 1 0 1
1 1 1 0
1 1 0 1
1 1 0 7
1 1 0 1
1 1 0 1
1 1 0 1
1 1 2 0
1 1 2 0
1 1 1 2
1 1 0 1
1 1 12 3
1 1 0 1
1 2 14 13
1 1 0 6
1 1 0 1
1 1 0 1
1 2 12 6
1 1 0 1
1 1 17 9
1 1 0 2
1 1 0 1
1 1 0 1
1 1 7 0
1 1 0 1
1 1 0 1
1 1 0 1
1 1 4 6
1 2 1 11
1 1 18 1
1 1 5 0
1 1 6 0
1 1 0 1
1 1 0 7
1 1 0 1
1 1 0 2
1 1 12 13
1 1 0 1
1 1 6 9
1 1 0 1
1 1 0 1
1 1 0 1
1 1 1 6
1 1 0 13
1 1 0 1
1 1 0 1
1 1 0 1
1 1 0 1
1 1 0 1
1 1 0 1
1 1 7 0
1 1 8 0
1 1 0 12
1 1 0 1
1 1 0 7
1 1 0 3
1 1 0 10
1 1 0 1
1 1 0 1
1 1 3 9
1 1 5 0
1 1 14 0
1 1 0 1
1 1 4 1
1 1 0 1
1 2 3 11
1 1 0 1
1 1 12 14
1 1 0 1
1 1 0 1
1 1 0 1
1 1 0 2
1 1 12 0
1 1 0 1
1 1 0 1
1 1 0 1
1 1 11 0
1 1 0 1
1 1 12 0
1 1 1 0
1 1 6 0
1 1 0 1
1 1 0 1
2 1 6 1
2 1 11 16
2 1 12 9
2 1 6 5
2 2 1 6
2 1 11 13
2 1 8 13
2 1 13 16
2 1 14 13
2 1 3 4
2 2 18 11
2 2 13 19
2 1 18 14
2 1 13 17
2 1 11 14
2 1 0 4
2 1 1 3
2 1 12 11
2 1 4 5
2 2 7 0
2 1 13 14
2 2 10 11
2 1 3 0
2 1 11 8
2 1 0 5
2 2 16 15
2 2 10 15
2 1 3 0
2 1 16 13
2 1 2 5
2 1 5 4
2 1 14 15
2 1 8 9
2 1 1 3
2 2 5 6
2 1 0 2
2 1 1 7
2 1 2 6
2 1 5 3
2 1 10 13
2 1 1 5
2 1 4 3
2 2 4 3
2 1 4 6
2 1 1 6
2 1 4 5
2 2 9 7
2 2 2 3
2 2 10 12
2 1 2 7
2 1 0 3
2 1 11 12
2 1 14 12
2 1 2 5
2 1 4 5
2 1 10 15
2 1 5 9
2 1 10 13
2 1 5 6
2 1 1 5
2 2 9 12
2 2 0 4
2 1 16 9
2 2 9 12
2 1 0 1
2 1 11 15
2 1 8 14
2 1 3 7
2 1 3 1
2 1 2 8
2 1 7 9
2 1 13 11
2 2 0 9
2 2 4 8
2 1 8 14
2 1 1 2
2 1 8 2
2 1 11 17
2 1 1 2
2 2 8 3
2 1 6 1
2 2 3 6
2 1 13 16
2 2 10 13
2 1 7 9
2 2 5 1
2 1 10 11
2 1 12 13
2 1 0 4
2 1 2 1
2 1 10 13
2 1 4 1
2 2 13 12
2 1 11 15
2 1 10 13
2 1 1 6
2 2 15 8
2 1 13 14
2 1 0 4
2 1 1 7
2 1 3 5
2 1 10 8
2 1 6 3
2 1 4 6
2 1 4 6
2 2 15 9
2 2 6 9
2 2 0 6
2 2 10 11
2 1 3 5
2 1 12 14
2 1 11 15
2 2 10 15
2 1 3 4
2 1 5 2
2 1 10 8
2 2 2 5
2 1 10 14
2 1 8 10
2 1 13 16
2 1 12 19
2 1 4 6
2 1 2 4
2 1 1 0
2 1 0 1
2 1 5 7
2 1 10 7
2 2 14 15
2 1 13 16
2 1 11 16
2 1 0 1
2 1 12 9
2 2 12 15
2 2 1 5
2 1 10 13
2 1 10 11
2 1 14 12
2 1 9 10
2 2 0 3
2 1 4 7
2 2 13 14
2 1 4 5
2 1 6 9
2 1 10 11
2 2 1 4
2 1 8 10
2 1 0 4
2 2 0 3
2 1 1 4
2 1 12 10
2 2 8 7
2 1 9 14
2 1 8 7
2 1 0 2
2 1 2 5
2 1 7 2
2 1 11 13
2 1 11 13
2 1 16 10
2 2 14 8
2 1 9 11
2 2 5 2
2 1 9 16
2 1 6 4
2 2 0 7
2 1 3 5
2 1 8 9
2 2 13 11
2 1 2 6
2 1 3 0
2 1 2 0
2 1 0 5
2 1 3 1
2 1 11 14
2 1 1 0
2 2 4 2
2 1 12 11
2 1 9 8
2 1 1 6
2 1 11 12
2 1 10 12
2 1 2 8
2 2 3 7
2 2 5 0
2 1 12 14
2 1 1 2
2 1 0 1
2 2 0 3
2 2 1 4
2 1 16 11
2 1 10 12
2 1 0 5
2 1 14 12
2 1 0 7
2 1 5 6
2 2 2 1
2 1 2 7
2 1 0 4
2 2 7 9
2 1 1 3
2 1 3 0
2 1 11 7
2 2 7 1
2 2 5 7
2 1 3 2
2 1 7 8
2 1 3 1
2 1 0 7
2 1 2 3
2 1 10 15
2 1 11 10
2 2 3 6
2 1 8 7
2 1 14 11
2 1 12 10
2 2 17 18
2 1 0 4
2 2 2 0
2 1 7 11
2 2 15 12
2 1 6 7
2 2 0 1
2 1 2 4
2 1 4 2
2 1 1 3
2 1 2 1
2 1 11 16
2 2 3 5
2 1 9 13
2 1 10 11
2 2 0 6
2 1 7 1
2 1 4 3
2 1 0 4
2 1 7 1
2 2 2 3
2 1 11 14
2 1 10 15
2 1 3 6
2 1 6 4
2 1 2 4
2 1 7 4
2 2 4 3
2 1 17 16
2 1 1 3
2 2 6 2
2 1 0 5
2 1 1 7
2 1 11 13
2 1 0 2
2 1 13 10
2 1 3 6
2 2 7 3
2 1 11 12
2 1 2 7
2 2 7 3
2 1 2 4
2 1 14 15
2 2 3 5
2 1 10 14
2 1 0 2
2 1 5 2
2 1 15 14
2 1 0 3
2 1 8 13
2 1 3 5
2 2 8 12
2 1 4 3
2 1 0 1
2 1 2 5
2 1 5 1
2 1 6 7
2 1 9 13
2 1 13 15
2 1 4 6
2 1 12 14
2 1 7 2
2 1 5 3
2 1 9 11
2 1 15 11
2 1 12 13
2 1 0 5
2 1 6 4
2 2 3 8
2 1 8 12
2 1 5 1
2 1 10 12
2 1 3 1
2 1 0 5
2 1 3 6
2 2 16 10
2 1 11 9
2 1 0 6
2 1 0 2
2 1 7 6
2 2 1 5
2 2 6 0
2 1 2 5
2 1 11 18
2 1 1 7
2 1 11 14
2 1 3 4
2 1 5 0
2 1 3 7
2 1 3 4
2 1 8 10
2 1 2 6
2 1 8 16
2 1 5 8
2 2 10 9
2 1 4 0
2 1 0 8
2 1 1 0
2 1 3 1
2 2 0 8
2 1 13 14
2 2 0 2
2 1 9 15
2 1 9 10
2 1 2 3
2 2 0 2
2 1 11 9
2 2 1 3
2 1 6 4
2 2 7 2
2 1 7 12
2 1 13 17
2 1 0 5
2 1 3 2
2 1 6 1
2 1 8 12
2 1 2 3
2 1 0 6
2 1 15 16
2 2 1 3
2 2 15 9
2 1 9 11
2 2 4 6
2 1 2 7
2 2 2 0
2 1 11 12
2 1 10 12
2 1 7 0
2 2 0 1
2 1 3 1
2 1 3 8
2 2 3 8
2 2 4 5
2 1 11 13
2 1 1 2
2 1 3 6
2 1 16 9
2 2 9 14
2 1 13 14
2 1 11 10
2 1 9 12
2 1 0 6
2 1 4 1
2 1 14 17
2 1 0 1
2 1 3 4
2 1 12 14
2 1 4 6
2 2 3 4
2 2 11 14
2 2 19 15
2 1 12 14
2 1 0 3
2 1 1 2
2 1 2 6
2 2 13 9
2 1 2 6
2 1 9 11
2 1 14 10
2 1 17 10
2 2 10 12
2 2 16 11
2 1 1 0
2 1 12 15
2 1 0 7
2 2 7 0
2 1 5 4
2 2 15 11
2 1 2 4
2 1 12 9
2 2 15 19
2 2 3 4
2 2 0 2
2 1 6 3
2 2 10 14
2 1 12 9
2 2 6 7
2 2 1 5
2 1 2 8
2 1 0 5
2 1 4 2
2 1 17 15
2 1 12 8
2 1 14 12
2 1 12 16
2 2 2 6
2 2 9 11
2 1 1 5
2 1 12 14
2 1 4 2
2 1 11 10
2 1 13 16
2 1 16 17
2 1 13 15
2 1 15 10
2 1 0 4
2 1 11 13
2 1 17 13
2 1 1 8
2 2 0 4
2 1 1 0
2 2 8 3
2 1 11 13
2 1 13 15
2 1 1 5
2 1 0 6
2 1 11 10
2 1 10 12
2 1 12 11
2 1 9 10
2 1 4 3
2 1 15 10
2 1 3 7
2 1 5 0
2 1 10 13
2 1 8 7
2 1 14 11
2 1 2 8
2 2 8 10
2 2 6 2
2 2 14 11
2 2 14 13
2 1 12 15
2 2 15 17
2 1 13 17
2 2 8 10
2 2 3 2
2 2 7 10
2 1 0 6
2 1 0 4
2 2 0 7
2 1 10 18
2 1 8 13
2 1 0 2
2 2 10 11
2 1 2 8
2 1 10 11
2 2 8 1
2 1 17 18
2 1 5 7
2 1 8 1
2 2 8 0
2 2 3 6
2 1 13 14
2 1 0 1
2 1 14 10
2 1 1 2
2 1 3 1
2 1 6 0
2 1 0 2
2 1 14 16
2 1 11 12
2 1 4 3
2 1 3 9
2 1 16 12
2 1 1 2
2 1 8 12
2 1 5 1
2 1 9 10
2 1 5 1
2 2 0 5
2 1 0 2
2 1 0 2
2 1 1 2
2 1 0 2
2 1 13 9
2 2 3 6
2 1 2 6
2 1 13 10
2 1 10 9
2 1 10 11
2 1 6 5
2 1 0 3
2 1 14 10
2 1 12 16
2 1 5 3
2 2 1 2
2 1 7 15
2 1 0 3
2 2 8 14
2 1 11 15
2 1 0 1
2 1 2 5
2 1 9 13
2 1 17 18
3 3 2 1
3 3 2 0
3 3 11 15
3 3 13 12
3 3 15 13
3 3 4 5
3 3 12 14
3 3 8 9
3 3 5 6
3 3 12 14
3 3 5 8
3 3 2 3
3 3 7 5
3 3 6 7
3 3 1 2
3 3 10 13
3 3 11 16
3 3 2 0
3 3 10 12
3 3 14 16
3 3 11 15
3 3 10 7
3 3 0 4
3 3 7 8
3 3 0 2
3 3 10 14
3 3 3 2
3 3 12 16
3 3 1 0
3 3 5 1
3 3 2 0
3 3 13 11
3 3 10 11
3 1 1 4
3 3 7 5
3 3 1 3
3 2 2 3
3 3 15 11
3 3 12 16
3 3 12 10
3 3 1 3
3 3 12 10
3 1 1 4
3 3 7 9
3 3 1 0
3 2 16 13
3 3 1 0
3 3 1 4
3 3 2 4
3 3 0 2
3 3 14 13
3 3 2 3
3 3 12 16
3 3 9 8
3 3 7 9
3 3 8 9
3 3 6 5
3 3 7 6
3 3 2 4
3 3 9 8
3 3 3 0
3 3 13 11
3 3 7 8
3 3 11 15
3 3 4 1
3 3 1 2
3 3 8 6
3 3 9 7
3 3 0 2
3 2 15 14
3 3 15 14
3 3 1 0
3 3 1 0
3 3 4 1
3 3 9 11
3 3 2 3
3 3 0 5
3 3 11 15
3 3 2 5
3 3 15 11
3 3 2 4
3 3 0 4
3 3 10 11
3 3 1 0
3 2 12 16
3 3 2 4
3 3 6 9
3 3 8 7
3 3 13 11
3 3 10 7
3 3 0 2
3 3 2 3
3 3 11 10
3 3 1 2
3 3 0 4
3 3 5 6
3 3 0 1
3 3 13 15
3 3 5 9
3 3 12 16
3 3 8 9
3 3 6 7
3 3 3 4
3 3 13 12
3 2 1 3
3 3 13 15
3 3 11 12
3 2 0 1
3 3 6 7
3 3 14 17
3 3 6 7
3 3 0 4
3 3 3 0
3 3 5 8
3 3 4 0
3 3 5 6
3 3 5 7
3 3 11 6
3 3 13 15
3 3 7 10
3 3 3 2
3 3 14 13
3 3 2 3
3 3 1 0
3 3 13 11
3 3 7 11
3 2 2 4
3 3 4 2
3 3 7 11
3 3 10 15
3 3 1 4
3 3 8 10
3 3 13 14
3 3 2 0
3 3 1 4
3 3 6 10
3 3 11 7
3 3 4 0
3 3 2 3
3 3 12 11
3 3 0 1
3 3 14 13
3 3 0 4
3 3 2 0
3 2 6 10
3 2 0 2
3 2 13 16
3 1 3 4
3 3 1 2
3 2 1 4
3 3 11 16
3 3 1 0
3 3 2 3
3 3 1 0
3 3 1 3
3 2 12 14
3 3 11 14
3 3 1 5
3 3 8 7
3 3 12 16
3 3 0 4
3 1 11 13
3 3 11 13
3 3 0 3
3 3 7 8
3 3 6 8
3 3 5 6
3 3 1 2
3 1 6 7
3 3 12 14
3 3 8 7
3 3 0 5
3 3 0 5
3 3 2 0
3 3 13 15
3 3 3 1
3 3 11 13
3 3 6 7
3 3 5 10
3 3 7 10
3 3 7 6
3 3 9 10
3 3 9 7
3 3 7 5
3 2 0 1
3 3 12 14
3 3 5 6
3 3 1 4
3 3 6 10
3 3 4 1
3 2 6 8
3 3 1 4
3 3 14 15
3 3 1 3
3 3 8 6
3 3 12 15
3 3 14 12
3 3 6 9
3 3 0 4
3 3 0 1
3 3 0 4
3 2 7 6
3 3 5 6
3 3 12 11
3 3 7 8
3 3 8 9
3 3 4 0
3 3 14 17
3 2 14 15
3 3 14 10
3 3 1 2
3 3 2 1
3 3 12 11
3 3 8 7
3 3 13 15
3 3 10 11
3 3 5 8
3 3 8 7
3 1 7 9
3 3 0 4
3 3 6 9
3 1 2 4
3 3 12 10
3 3 12 14
3 3 1 3
3 3 0 1
3 3 12 14
3 3 3 0
3 3 9 10
3 3 7 10
3 2 1 3
3 3 13 14
3 3 12 11
3 3 7 9
3 3 3 1
3 3 3 1
3 3 6 9
3 3 2 0
3 3 12 14
3 3 5 8
3 3 8 10
3 3 9 5
3 3 0 2
3 3 7 8
3 3 2 1
3 2 8 10
3 3 5 8
3 3 6 9
3 3 8 9
3 3 13 14
3 3 0 5
3 3 6 10
3 3 1 0
3 3 6 9
3 3 3 4
3 3 4 2
3 3 7 9
3 3 1 0
3 3 14 15
3 2 6 7
3 3 7 8
3 3 2 0
3 3 7 8
3 2 2 3
3 3 7 8
3 3 5 0
3 2 0 1
3 3 6 7
3 3 1 3
3 3 13 16
3 2 4 5
3 3 2 0
3 3 0 2
3 3 0 2
3 3 0 1
3 3 8 10
3 3 3 2
3 1 7 9
3 3 3 4
3 3 11 14
3 3 7 10
3 3 13 14
3 3 5 8
3 3 12 10
3 3 4 1
3 3 2 0
3 2 6 7
3 3 7 10
3 3 11 16
3 3 11 13
3 3 6 7
3 3 4 0
3 3 6 10
3 3 3 0
3 1 3 5
3 3 6 7
3 3 1 0
3 3 3 5
3 3 0 3
3 3 13 14
3 3 13 12
3 3 2 1
3 3 0 1
3 3 6 7
3 3 0 3
3 3 3 0
3 3 13 12
3 3 0 3
3 3 10 11
3 3 12 16
3 3 1 0
3 3 11 10
3 3 0 2
3 1 5 3
3 3 0 5
3 2 8 10
3 3 7 6
3 3 1 4
3 3 12 16
3 3 16 15
3 3 9 8
3 3 13 15
3 3 12 14
3 3 0 4
3 3 2 0
3 3 6 8
3 3 1 0
3 3 1 4
3 2 14 15
3 3 5 10
3 3 6 10
3 3 7 6
3 3 12 16
3 3 15 13
3 3 9 7
3 3 7 8
3 3 5 3
3 3 0 1
3 3 10 14
3 3 0 4
3 3 1 2
3 3 4 0
3 3 8 5
3 3 12 13
3 3 0 2
3 3 0 1
3 3 12 13
3 3 0 1
3 3 0 2
3 3 2 1
3 3 7 10
3 3 3 1
3 3 6 10
3 3 7 10
3 3 1 0
3 3 1 0
3 3 6 5
3 3 5 9
3 3 6 5
3 3 1 3
3 3 6 9
3 3 6 9
3 3 12 13
3 3 11 13
3 3 7 5
3 3 2 3
3 3 10 13
3 3 2 4
3 3 12 16
3 3 6 10
3 3 2 5
3 3 0 3
3 3 2 4
3 3 12 13
3 2 8 9
3 3 1 0
3 3 11 14
3 3 11 15
3 3 12 13
3 3 1 2
3 3 12 11
3 3 1 4
3 3 1 2
3 3 0 5
3 3 11 14
3 1 3 1
3 3 12 14
3 3 8 6
3 3 2 5
3 1 7 10
3 3 3 4
3 3 5 10
3 3 5 7
3 3 11 13
3 3 1 4
3 3 12 14
3 3 6 10
3 3 1 0
3 3 0 4
3 3 12 14
3 3 0 1
3 3 12 15
3 3 6 8
3 3 6 7
3 2 9 10
3 2 0 3
3 3 9 10
3 3 6 10
3 3 2 0
3 3 1 2
3 3 12 14
3 3 3 0
3 3 2 0
3 3 7 6
3 3 6 8
3 3 7 9
3 3 12 13
3 3 15 12
3 2 1 3
3 3 10 13
3 3 8 7
3 3 1 0
3 3 9 7
3 3 4 2
3 3 12 15
3 3 7 9
3 3 13 15
3 3 1 4
3 3 6 5
3 3 12 14
3 3 8 7
3 3 14 13
3 3 6 9
3 3 1 5
3 3 13 12
3 3 6 5
3 3 7 8
3 3 8 5
3 3 0 4
3 2 12 13
3 3 0 1
3 3 1 2
3 3 2 0
3 3 7 10
3 3 5 7
3 3 12 13
3 3 0 1
3 3 0 5
3 3 10 14
3 3 8 5
3 3 7 6
3 3 2 1
3 2 2 3
3 3 2 4
3 3 3 0
3 3 5 1
3 3 12 16
3 3 0 2
3 3 2 1
3 3 1 4
3 3 6 9
3 3 0 5
3 3 5 7
3 2 2 3
3 3 3 4
3 2 1 2
3 3 1 0
3 3 5 8
3 3 1 3
3 3 2 4
3 3 11 13
3 3 16 13
3 3 1 0
3 3 17 16
3 3 11 15
3 3 13 11
3 3 0 3
3 3 0 2
3 3 2 3
3 3 0 5
3 3 2 5
3 1 5 8
3 3 0 4
3 3 12 15
3 3 10 13
3 3 0 2
3 3 5 1
3 3 2 4
3 3 6 9
3 3 13 12
3 3 12 14
3 3 3 0
3 3 0 5
3 3 4 0
3 3 1 2
3 3 0 1
3 3 9 10
3 3 10 11
3 3 1 0
3 3 8 6
